1024
0 8
8 11
19 10
29 20
49 6
55 11
66 15
81 16
97 15
112 9
121 11
132 4
136 10
146 12
158 13
171 11
182 7
189 7
196 6
202 21
223 10
233 6
239 11
250 9
259 11
270 13
283 11
294 13
307 9
316 10
326 16
342 8
350 17
367 14
381 13
394 9
403 19
422 12
434 18
452 16
468 13
481 13
494 10
504 13
517 8
525 8
533 9
542 6
548 12
560 15
575 16
591 20
611 13
624 15
639 9
648 7
655 16
671 11
682 15
697 10
707 8
715 9
724 13
737 14
751 13
764 6
770 7
777 10
787 4
791 17
808 13
821 15
836 14
850 7
857 11
868 15
883 12
895 10
905 5
910 15
925 15
940 13
953 12
965 16
981 14
995 13
1008 18
1026 10
1036 15
1051 15
1066 13
1079 10
1089 12
1101 13
1114 14
1128 7
1135 15
1150 10
1160 6
1166 17
1183 13
1196 9
1205 15
1220 18
1238 12
1250 15
1265 12
1277 9
1286 10
1296 16
1312 13
1325 7
1332 7
1339 11
1350 13
1363 13
1376 15
1391 19
1410 11
1421 11
1432 13
1445 9
1454 8
1462 16
1478 7
1485 15
1500 13
1513 14
1527 22
1549 10
1559 11
1570 14
1584 7
1591 8
1599 12
1611 8
1619 7
1626 14
1640 8
1648 14
1662 17
1679 14
1693 18
1711 13
1724 16
1740 10
1750 10
1760 12
1772 9
1781 14
1795 17
1812 8
1820 13
1833 10
1843 11
1854 8
1862 9
1871 19
1890 17
1907 16
1923 14
1937 9
1946 8
1954 14
1968 12
1980 12
1992 8
2000 14
2014 12
2026 15
2041 11
2052 10
2062 11
2073 14
2087 12
2099 13
2112 9
2121 6
2127 14
2141 12
2153 6
2159 11
2170 5
2175 9
2184 14
2198 7
2205 8
2213 14
2227 14
2241 9
2250 14
2264 15
2279 7
2286 5
2291 11
2302 12
2314 14
2328 9
2337 11
2348 15
2363 14
2377 10
2387 9
2396 12
2408 10
2418 13
2431 14
2445 8
2453 14
2467 21
2488 14
2502 6
2508 7
2515 9
2524 19
2543 12
2555 10
2565 14
2579 8
2587 11
2598 14
2612 19
2631 16
2647 18
2665 13
2678 15
2693 14
2707 15
2722 15
2737 10
2747 10
2757 11
2768 10
2778 6
2784 10
2794 15
2809 15
2824 11
2835 20
2855 12
2867 10
2877 17
2894 12
2906 14
2920 13
2933 10
2943 8
2951 16
2967 11
2978 11
2989 8
2997 15
3012 11
3023 15
3038 13
3051 18
3069 8
3077 14
3091 14
3105 10
3115 12
3127 16
3143 14
3157 7
3164 11
3175 15
3190 13
3203 13
3216 19
3235 16
3251 14
3265 17
3282 17
3299 12
3311 12
3323 15
3338 8
3346 5
3351 10
3361 12
3373 17
3390 8
3398 19
3417 15
3432 11
3443 9
3452 11
3463 18
3481 15
3496 21
3517 6
3523 18
3541 15
3556 13
3569 11
3580 13
3593 17
3610 7
3617 7
3624 13
3637 17
3654 13
3667 19
3686 6
3692 13
3705 10
3715 14
3729 13
3742 8
3750 13
3763 8
3771 16
3787 11
3798 5
3803 15
3818 6
3824 14
3838 13
3851 17
3868 11
3879 13
3892 16
3908 17
3925 13
3938 17
3955 17
3972 10
3982 12
3994 16
4010 5
4015 15
4030 14
4044 15
4059 15
4074 20
4094 13
4107 12
4119 19
4138 11
4149 13
4162 6
4168 6
4174 12
4186 17
4203 5
4208 19
4227 12
4239 11
4250 12
4262 14
4276 11
4287 17
4304 14
4318 12
4330 11
4341 11
4352 11
4363 10
4373 13
4386 18
4404 13
4417 13
4430 9
4439 11
4450 7
4457 12
4469 12
4481 14
4495 10
4505 14
4519 11
4530 7
4537 18
4555 7
4562 8
4570 8
4578 18
4596 12
4608 16
4624 12
4636 15
4651 8
4659 13
4672 12
4684 15
4699 17
4716 10
4726 13
4739 17
4756 11
4767 6
4773 11
4784 11
4795 14
4809 12
4821 15
4836 9
4845 15
4860 17
4877 15
4892 13
4905 11
4916 16
4932 15
4947 15
4962 16
4978 21
4999 16
5015 13
5028 14
5042 19
5061 12
5073 8
5081 9
5090 12
5102 10
5112 11
5123 15
5138 14
5152 12
5164 8
5172 8
5180 17
5197 7
5204 12
5216 14
5230 14
5244 6
5250 4
5254 13
5267 17
5284 15
5299 18
5317 18
5335 15
5350 12
5362 10
5372 12
5384 14
5398 8
5406 10
5416 10
5426 15
5441 15
5456 13
5469 16
5485 9
5494 14
5508 10
5518 14
5532 19
5551 17
5568 19
5587 10
5597 8
5605 8
5613 12
5625 13
5638 8
5646 12
5658 6
5664 5
5669 13
5682 13
5695 6
5701 13
5714 11
5725 9
5734 10
5744 16
5760 16
5776 11
5787 14
5801 9
5810 15
5825 12
5837 6
5843 15
5858 8
5866 17
5883 7
5890 17
5907 16
5923 12
5935 14
5949 11
5960 11
5971 14
5985 6
5991 15
6006 15
6021 19
6040 16
6056 13
6069 7
6076 16
6092 13
6105 7
6112 6
6118 16
6134 15
6149 7
6156 9
6165 15
6180 9
6189 5
6194 8
6202 10
6212 5
6217 8
6225 12
6237 16
6253 8
6261 7
6268 11
6279 8
6287 14
6301 13
6314 9
6323 8
6331 14
6345 14
6359 17
6376 3
6379 13
6392 19
6411 7
6418 14
6432 16
6448 13
6461 12
6473 15
6488 13
6501 7
6508 11
6519 16
6535 9
6544 12
6556 7
6563 11
6574 15
6589 11
6600 7
6607 8
6615 10
6625 15
6640 9
6649 11
6660 22
6682 6
6688 10
6698 18
6716 13
6729 12
6741 11
6752 11
6763 14
6777 13
6790 13
6803 8
6811 12
6823 5
6828 16
6844 14
6858 14
6872 16
6888 13
6901 8
6909 9
6918 9
6927 10
6937 15
6952 13
6965 7
6972 7
6979 6
6985 13
6998 8
7006 12
7018 12
7030 13
7043 14
7057 13
7070 10
7080 11
7091 13
7104 11
7115 21
7136 12
7148 7
7155 11
7166 10
7176 15
7191 11
7202 17
7219 19
7238 17
7255 22
7277 18
7295 13
7308 18
7326 10
7336 17
7353 12
7365 16
7381 16
7397 6
7403 6
7409 12
7421 14
7435 7
7442 12
7454 16
7470 11
7481 9
7490 13
7503 14
7517 16
7533 12
7545 8
7553 10
7563 9
7572 9
7581 8
7589 9
7598 13
7611 10
7621 9
7630 13
7643 8
7651 12
7663 15
7678 5
7683 12
7695 12
7707 9
7716 18
7734 11
7745 17
7762 14
7776 9
7785 10
7795 8
7803 14
7817 12
7829 14
7843 6
7849 10
7859 11
7870 7
7877 13
7890 7
7897 13
7910 17
7927 19
7946 7
7953 10
7963 21
7984 9
7993 14
8007 17
8024 18
8042 18
8060 12
8072 10
8082 6
8088 18
8106 8
8114 13
8127 7
8134 8
8142 15
8157 13
8170 12
8182 6
8188 9
8197 14
8211 9
8220 12
8232 13
8245 11
8256 11
8267 15
8282 13
8295 10
8305 6
8311 7
8318 14
8332 14
8346 15
8361 9
8370 13
8383 8
8391 9
8400 7
8407 17
8424 10
8434 15
8449 12
8461 8
8469 11
8480 9
8489 9
8498 11
8509 17
8526 9
8535 13
8548 10
8558 10
8568 15
8583 11
8594 14
8608 16
8624 12
8636 17
8653 19
8672 14
8686 5
8691 13
8704 16
8720 15
8735 11
8746 11
8757 7
8764 17
8781 15
8796 14
8810 15
8825 7
8832 12
8844 9
8853 8
8861 9
8870 10
8880 12
8892 12
8904 8
8912 11
8923 14
8937 16
8953 10
8963 9
8972 7
8979 13
8992 10
9002 18
9020 11
9031 11
9042 13
9055 20
9075 13
9088 10
9098 15
9113 20
9133 9
9142 9
9151 16
9167 8
9175 7
9182 13
9195 10
9205 13
9218 12
9230 8
9238 16
9254 14
9268 12
9280 12
9292 15
9307 17
9324 10
9334 11
9345 9
9354 11
9365 13
9378 14
9392 7
9399 8
9407 11
9418 11
9429 17
9446 9
9455 11
9466 9
9475 14
9489 15
9504 8
9512 13
9525 12
9537 13
9550 20
9570 12
9582 13
9595 10
9605 15
9620 7
9627 13
9640 6
9646 11
9657 15
9672 12
9684 10
9694 14
9708 13
9721 10
9731 21
9752 15
9767 9
9776 14
9790 15
9805 15
9820 18
9838 22
9860 17
9877 15
9892 21
9913 11
9924 13
9937 8
9945 11
9956 12
9968 11
9979 12
9991 12
10003 12
10015 14
10029 11
10040 11
10051 13
10064 11
10075 17
10092 15
10107 9
10116 10
10126 8
10134 15
10149 12
10161 13
10174 7
10181 15
10196 7
10203 12
10215 10
10225 12
10237 12
10249 11
10260 9
10269 11
10280 13
10293 17
10310 12
10322 11
10333 12
10345 8
10353 13
10366 14
10380 16
10396 12
10408 12
10420 11
10431 22
10453 18
10471 10
10481 11
10492 13
10505 12
10517 7
10524 9
10533 13
10546 18
10564 9
10573 14
10587 18
10605 10
10615 9
10624 15
10639 16
10655 15
10670 13
10683 7
10690 18
10708 13
10721 14
10735 14
10749 11
10760 11
10771 16
10787 9
10796 9
10805 8
10813 13
10826 12
10838 11
10849 9
10858 13
10871 15
10886 9
10895 11
10906 5
10911 17
10928 15
10943 10
10953 14
10967 10
10977 9
10986 10
10996 18
11014 9
11023 12
11035 8
11043 11
11054 7
11061 11
11072 19
11091 10
11101 13
11114 10
11124 16
11140 4
11144 14
11158 14
11172 4
11176 10
11186 13
11199 12
11211 16
11227 12
11239 13
11252 15
11267 9
11276 18
11294 11
11305 8
11313 21
11334 10
11344 21
11365 10
11375 14
11389 12
11401 9
11410 10
11420 7
11427 13
11440 14
11454 12
11466 14
11480 13
11493 13
11506 13
11519 16
11535 11
11546 19
11565 12
11577 7
11584 10
11594 14
11608 11
11619 15
11634 15
11649 15
11664 11
11675 9
11684 14
11698 16
11714 7
11721 15
11736 5
11741 9
11750 14
11764 14
11778 13
11791 10
11801 22
11823 13
11836 10
11846 8
11854 11
11865 9
11874 9
11883 17
11900 9
11909 7
11916 14
11930 5
11935 16
11951 17
11968 18
11986 11
11997 14
12011 15
12026 9
12035 20
12055 9
12064 8
12072 15
12087 15
12102 9
12111 19
12130 7
12137 8
12145 5
12150 20
12170 10
12180 17
12197 9
12206 16
12222 14
12236 16
12252 10
12262 8
12270 11
12281 15
12296 11
12307 17
12324 5
12329 14
12343 12
12355 10
12365 12
12377 12
12389 15
12404 11
12415 10
12425 11

290

12436
0 7
0 7
201 10
206 6
464 10
705 1
748 3
969 4
936 2
19 6
894 2
543 4
986 8
241 3
251 4
297 6
580 10
835 2
994 1
896 6
532 8
276 10
872 1
969 4
628 2
32 5
92 8
369 8
787 5
775 5
530 6
680 9
595 5
805 7
440 6
580 1
924 7
140 3
864 1
28 5
211 4
280 8
306 10
373 10
432 3
446 6
468 3
475 6
660 6
716 9
609 7
26 8
211 5
280 6
633 5
963 7
577 5
146 9
1019 7
7 4
55 6
555 10
602 6
639 6
714 3
855 2
794 4
175 8
283 1
697 2
785 6
365 6
866 9
255 8
391 3
471 9
511 10
610 4
629 1
738 2
906 7
964 4
436 9
724 1
767 8
40 7
629 9
362 4
594 3
223 6
5 4
18 10
72 6
325 9
401 9
637 7
976 7
840 8
547 4
450 10
880 8
286 2
295 7
490 4
27 10
63 1
183 2
436 6
490 6
665 10
781 4
867 9
385 8
138 10
244 5
252 5
469 6
766 1
875 10
1005 8
1011 8
921 1
270 9
847 7
317 4
982 5
303 4
117 1
126 10
332 2
962 5
1011 7
511 4
939 4
321 4
720 8
721 4
347 4
733 4
35 10
343 6
522 8
619 7
644 8
672 8
729 10
706 4
251 7
355 4
531 10
879 10
153 5
71 9
999 5
214 6
924 7
698 9
714 2
239 5
537 2
853 5
492 2
869 2
943 10
633 4
922 10
32 8
928 10
160 9
173 1
856 1
734 4
622 3
157 1
764 7
18 1
41 10
503 3
874 8
885 2
915 5
992 4
301 5
735 3
120 5
852 6
669 6
209 2
74 8
157 7
763 3
134 9
190 6
573 5
671 2
754 3
406 8
7 10
15 1
336 10
458 2
536 6
1 6
779 6
611 7
971 5
385 2
191 8
432 8
825 3
48 4
345 10
546 1
63 6
67 4
329 8
332 8
467 3
754 10
767 4
874 6
876 1
894 5
688 7
254 4
51 2
109 7
127 2
166 2
532 4
605 4
738 1
752 4
633 8
648 2
675 6
89 4
524 6
815 7
815 1
172 9
906 2
1014 4
764 8
209 7
246 8
529 3
572 5
765 10
851 10
405 6
500 5
370 7
977 5
940 8
977 2
219 2
138 5
587 8
506 7
191 3
799 4
395 6
292 6
42 7
732 5
279 3
474 4
958 1
975 8
492 1
762 2
43 3
553 5
509 1
661 4
701 1
96 4
121 10
848 3
403 7
612 4
654 6
443 3
115 6
247 2
71 2
819 1
4 8
1007 1
930 8
959 5
509 7
750 3
937 1
152 9
774 8
492 6
130 2
149 6
310 3
8 10
979 10
701 5
854 4
905 10
914 5
157 10
273 3
654 2
901 6
3 5
725 7
572 5
814 5
973 8
202 8
173 6
308 10
932 2
285 10
576 5
226 8
353 2
527 5
694 10
423 2
815 8
511 2
689 2
386 7
733 7
421 3
339 7
916 7
269 3
97 5
285 10
360 4
450 5
602 7
922 8
269 8
63 10
868 4
684 9
42 5
165 3
828 8
976 5
14 8
528 5
337 8
1003 4
422 6
2 5
337 10
53 6
99 8
125 7
147 2
288 2
660 10
702 9
871 2
920 6
938 7
1003 3
43 10
275 2
197 4
347 1
956 2
66 9
85 1
85 2
316 10
539 4
766 1
770 9
894 4
852 5
96 6
411 8
277 8
502 2
51 10
62 8
205 4
309 5
335 10
385 7
563 5
571 6
12 10
165 10
621 2
673 4
224 2
38 2
773 10
819 2
835 8
723 3
615 7
554 1
876 4
765 2
266 8
267 5
323 8
416 10
439 2
581 6
594 2
602 3
632 3
783 4
823 10
860 2
936 10
978 2
565 9
474 9
541 5
631 10
878 5
222 9
302 9
222 5
449 2
716 6
736 9
961 1
35 2
456 1
1001 8
51 2
752 7
956 2
106 7
124 7
219 9
236 5
324 2
353 2
366 8
435 4
588 8
878 5
939 7
962 4
218 7
891 9
170 2
394 4
187 5
229 8
388 4
405 8
570 9
713 4
813 10
872 6
914 9
916 10
940 2
1021 10
7 7
1012 2
77 8
422 6
150 8
356 1
377 7
765 9
810 1
880 6
936 9
975 4
1003 1
265 8
15 10
224 1
94 1
574 5
193 10
296 9
504 10
600 8
696 9
778 4
873 3
930 9
24 7
895 10
301 3
31 5
404 4
489 1
492 6
558 6
657 5
913 4
25 3
33 10
903 3
653 9
595 4
250 3
393 5
477 8
529 4
149 2
625 7
710 5
824 4
811 10
469 5
274 10
679 8
404 7
527 3
774 10
872 4
381 1
934 2
96 5
332 9
352 1
458 2
523 6
547 6
209 2
402 9
398 2
928 6
202 1
258 5
382 9
855 5
915 7
63 1
248 9
865 8
359 8
413 9
462 10
19 4
382 4
453 10
1003 10
845 8
729 5
95 1
369 2
421 1
896 8
923 1
989 10
710 7
210 1
908 7
203 1
858 8
592 10
525 5
410 8
157 1
968 1
94 1
188 5
442 4
779 3
937 6
693 9
822 6
998 8
805 10
986 2
771 1
178 8
891 3
381 9
52 4
219 9
466 9
492 3
639 10
800 7
864 8
38 2
911 5
132 7
336 5
34 10
235 2
715 4
20 2
270 10
873 10
306 5
253 6
537 10
537 4
601 5
658 8
707 7
716 4
860 6
1001 9
519 10
659 3
319 8
922 9
987 2
50 4
181 9
214 9
334 4
596 9
657 8
787 4
916 6
468 3
289 5
634 7
106 3
658 2
32 6
249 2
177 3
482 5
626 6
627 3
797 8
817 10
889 10
913 6
670 1
501 7
68 7
666 7
285 1
120 2
734 8
749 1
867 5
353 3
737 3
5 6
89 8
347 6
456 7
774 4
475 8
724 2
804 2
383 9
703 5
107 2
255 10
819 8
172 8
217 7
268 2
319 5
376 6
402 3
430 2
910 7
914 10
101 2
282 1
440 6
896 4
397 4
801 2
687 7
701 6
184 8
989 4
350 7
245 4
229 6
662 6
789 7
371 10
75 8
829 1
106 5
84 2
141 1
220 7
225 9
742 9
917 10
713 6
255 2
324 7
982 7
192 10
242 7
279 6
469 8
588 10
912 5
152 5
1013 1
884 4
219 2
304 7
352 7
610 9
867 5
732 9
361 1
436 5
345 10
109 3
756 1
687 9
869 6
919 3
195 7
188 4
182 2
892 4
648 3
598 9
463 8
34 8
625 4
130 3
213 3
414 4
597 8
31 10
47 1
450 9
203 3
662 4
248 3
825 10
8 1
19 6
633 6
238 6
273 5
468 7
556 5
110 9
812 3
138 10
521 4
483 10
157 8
710 6
625 5
127 9
428 5
588 5
960 7
1019 2
830 9
820 7
284 4
444 6
897 6
985 3
33 9
253 10
612 6
85 4
212 2
433 8
653 5
19 4
719 6
921 7
541 1
258 9
214 2
985 1
667 10
912 7
972 3
54 7
949 7
154 3
429 2
794 7
998 1
501 2
984 6
789 9
555 4
510 5
615 4
313 4
403 4
97 2
223 6
362 2
447 10
470 2
745 5
915 5
194 10
88 2
994 10
231 6
128 8
197 8
257 7
217 4
445 7
495 2
679 4
682 10
686 7
13 9
26 2
502 7
580 10
1022 8
170 6
135 2
279 8
901 7
172 7
217 3
274 4
295 2
331 1
348 1
594 2
7 6
768 6
839 6
755 4
1000 6
176 5
189 5
280 3
587 9
597 6
602 7
800 5
926 7
457 1
849 6
861 3
185 8
392 9
430 9
547 2
392 10
16 8
872 10
145 1
184 7
596 2
893 2
200 4
432 2
674 9
783 8
58 8
578 9
320 10
792 5
97 7
842 1
359 4
972 2
543 2
453 1
218 3
571 2
783 1
883 6
936 5
882 5
509 4
410 6
241 1
110 10
713 1
510 6
179 2
400 1
455 1
756 8
775 8
40 8
842 2
787 4
228 1
85 8
809 3
574 9
407 8
588 10
640 2
288 5
750 9
372 10
372 2
900 2
452 1
539 1
204 8
338 2
984 5
142 4
944 3
814 8
604 8
116 5
203 5
271 10
514 2
563 6
598 7
82 10
259 8
153 1
801 3
800 5
268 3
402 2
962 5
144 8
405 3
450 7
461 7
493 3
770 2
801 1
477 10
736 8
137 3
869 1
586 6
159 7
952 1
469 3
962 3
104 1
655 1
751 7
785 8
80 10
292 3
185 10
854 7
115 3
101 4
222 2
535 8
569 10
637 2
831 7
900 1
142 9
401 7
247 5
367 3
302 6
560 2
582 8
718 5
491 1
314 6
402 1
406 3
456 1
661 6
807 9
968 9
335 7
238 5
770 2
922 1
559 1
58 2
925 10
409 3
615 8
696 8
756 10
912 5
961 10
1002 8
77 8
682 4
671 2
66 4
33 1
33 2
671 6
914 3
243 8
362 3
410 7
420 10
811 9
159 8
268 5
585 7
939 2
374 5
741 7
970 10
490 1
893 9
160 6
242 1
309 9
403 6
577 3
688 5
712 10
764 4
781 4
710 2
638 9
877 9
713 4
243 4
324 3
662 9
783 8
855 2
864 6
70 2
382 7
390 8
735 2
871 7
981 1
808 3
719 9
352 9
181 7
241 9
609 8
703 5
749 6
1020 4
21 4
55 8
712 2
919 4
435 10
575 6
180 9
173 10
198 5
263 1
271 2
323 9
698 8
913 2
932 5
165 6
784 8
775 1
867 2
358 1
884 5
366 9
204 10
872 6
716 9
277 6
410 3
959 1
383 9
689 7
352 4
823 5
658 5
720 10
288 8
762 6
909 8
920 9
2 8
1007 9
875 4
132 10
283 9
797 4
750 9
951 10
593 7
769 2
882 7
925 9
885 7
788 5
117 5
273 2
822 4
349 5
162 9
252 9
309 5
565 7
792 7
854 7
899 3
41 1
601 4
49 1
404 6
401 3
780 8
438 4
806 8
442 5
621 4
718 7
802 7
967 2
1020 7
48 1
976 3
488 3
600 7
469 1
689 10
938 6
25 4
34 6
198 6
117 6
561 3
979 2
961 7
837 1
125 5
45 5
224 4
394 2
411 5
486 2
801 5
75 7
69 2
30 5
200 9
175 10
205 5
305 6
432 1
826 1
869 6
438 1
330 10
170 2
860 2
867 8
874 8
869 7
443 7
188 7
32 8
160 2
387 10
434 7
831 6
399 9
608 7
147 8
274 1
334 5
837 7
864 3
1003 9
1012 6
246 2
937 9
929 6
223 6
376 7
898 1
253 10
416 10
661 7
203 2
282 5
594 1
975 10
57 2
82 4
167 3
238 7
304 6
331 2
671 10
677 7
918 6
850 5
781 10
800 3
290 3
369 10
480 8
513 2
572 10
592 4
660 6
661 7
662 6
775 4
945 9
989 3
217 10
666 5
951 6
477 7
838 1
275 2
886 6
646 3
414 3
942 4
327 7
481 2
495 4
581 3
625 9
665 3
764 5
799 6
768 4
869 1
1007 9
280 7
81 1
823 6
624 2
225 9
427 10
495 1
676 2
808 6
897 8
888 3
810 8
752 4
278 4
132 2
433 8
860 6
321 8
947 7
167 5
564 1
604 6
696 9
796 9
53 3
58 5
856 2
38 7
368 5
136 9
157 5
524 5
499 1
666 7
838 8
1008 3
56 2
483 10
832 9
932 7
495 5
191 4
570 4
688 1
894 8
227 2
524 5
380 8
205 8
556 6
362 8
376 10
623 9
643 1
859 5
61 3
289 1
883 4
540 2
184 3
490 2
20 7
934 6
632 5
804 5
1006 4
447 9
512 5
548 7
837 5
869 8
64 9
76 10
1015 1
393 4
111 9
359 1
429 9
439 5
450 1
579 8
815 7
817 7
846 6
110 9
168 8
662 6
923 3
548 4
173 10
386 4
688 3
139 7
429 3
551 4
599 4
725 3
791 4
424 2
776 8
886 3
399 2
136 6
559 10
711 9
868 8
880 9
1010 6
1010 10
859 10
957 8
132 8
692 4
407 10
142 1
493 7
365 6
288 8
121 10
156 3
471 6
798 2
26 6
82 3
700 10
550 1
157 4
158 6
196 2
266 2
270 3
385 10
493 7
526 7
585 5
573 6
657 1
419 1
79 5
621 9
583 6
219 9
119 8
227 10
292 10
345 8
393 7
479 6
545 6
837 3
93 5
96 6
349 3
544 4
882 9
357 6
558 4
526 2
778 9
10 1
186 3
264 3
553 9
608 2
620 10
710 4
831 5
871 7
887 6
691 10
221 6
208 6
144 5
154 5
454 6
579 3
597 10
653 9
687 1
717 10
116 8
985 4
246 3
259 8
158 4
282 3
319 6
565 4
635 5
735 4
823 8
16 5
861 5
381 10
747 10
746 7
777 8
54 2
153 9
167 3
334 5
678 7
996 9
1019 10
25 10
114 10
943 6
315 10
298 8
681 5
245 2
645 7
973 9
525 3
522 3
128 9
310 1
372 2
630 7
899 5
920 10
1002 8
264 6
1023 8
728 10
639 9
618 4
124 10
401 6
434 1
769 1
153 10
351 5
383 5
930 5
977 7
1013 6
123 10
891 4
597 8
38 7
568 10
753 9
1022 5
96 5
373 10
318 6
517 6
32 7
803 8
255 6
470 10
729 9
475 2
390 2
505 5
614 3
659 4
743 9
647 6
141 5
956 1
10 10
410 4
228 10
312 8
991 4
652 10
274 8
142 7
516 4
541 7
334 9
758 5
895 10
769 9
234 6
587 5
64 9
748 3
20 2
205 10
128 5
283 9
837 2
899 1
70 8
319 9
230 8
122 9
402 4
632 7
448 8
379 5
493 8
127 5
493 2
143 8
206 10
273 7
338 2
562 2
608 7
749 1
788 2
804 4
819 1
923 1
719 7
377 4
202 3
220 9
232 1
288 10
710 2
800 6
812 7
902 6
27 2
137 7
965 3
62 3
659 6
173 6
215 4
229 4
238 6
919 1
958 1
841 2
536 6
434 6
265 3
846 6
968 4
298 7
259 1
462 8
478 7
481 8
514 4
715 9
966 5
51 7
92 10
105 2
114 8
747 8
372 10
139 7
150 7
617 8
881 2
403 3
491 8
591 6
730 7
956 6
810 1
17 9
240 7
789 8
771 8
189 9
376 10
522 1
616 5
716 9
861 10
972 5
71 2
714 9
401 2
794 10
776 4
377 8
470 2
871 6
106 9
450 6
113 6
756 4
223 2
506 8
718 6
81 3
130 7
600 7
321 5
873 10
365 5
338 9
306 5
283 8
249 5
487 1
628 6
798 1
809 7
9 10
64 10
688 1
23 5
299 1
345 10
453 2
992 4
112 7
534 5
147 3
507 3
376 7
948 10
685 6
132 7
204 6
286 6
456 9
806 6
920 5
975 7
3 3
631 4
722 9
955 3
355 6
592 8
208 9
604 7
678 5
550 4
852 10
455 3
616 9
715 9
972 2
994 6
999 4
126 5
58 1
920 7
820 8
210 5
424 5
958 4
831 4
220 2
208 10
328 5
651 8
831 1
890 9
79 4
83 9
114 1
871 8
465 7
781 1
551 10
890 10
902 9
142 2
142 2
1006 7
958 5
126 7
375 1
765 6
930 3
990 5
128 8
824 5
684 3
573 5
913 4
282 4
444 7
449 4
660 8
727 6
765 1
800 1
970 3
295 1
80 8
529 7
983 3
262 8
221 9
986 1
118 5
561 5
178 5
335 7
472 7
482 9
491 9
668 10
849 7
74 1
626 9
447 8
799 8
152 5
306 2
485 9
765 4
1013 5
1016 2
5 9
933 5
295 5
868 6
402 6
663 9
714 4
796 4
827 5
877 3
139 3
753 6
218 4
691 9
32 2
99 8
213 8
302 2
383 8
564 10
806 2
864 3
423 2
814 8
399 2
258 6
306 10
370 8
449 10
565 9
740 3
27 6
43 2
653 6
417 9
642 7
780 5
450 5
545 9
796 3
312 3
405 10
615 1
748 9
949 4
133 7
781 9
826 7
536 5
773 9
917 6
717 3
761 3
940 2
892 9
40 8
171 8
357 7
450 4
659 4
885 5
920 6
990 6
508 4
811 6
163 7
358 1
684 3
160 8
499 5
27 9
60 5
888 10
840 4
145 5
504 4
817 1
373 5
432 2
262 10
683 10
860 10
978 3
13 5
80 1
120 9
644 9
613 10
997 8
294 3
123 10
410 6
847 2
68 3
815 4
118 5
522 6
795 8
157 9
307 1
532 5
690 9
743 4
917 4
860 8
960 8
501 6
696 3
162 2
257 9
531 1
560 4
114 3
634 1
784 4
414 5
784 10
216 5
499 8
872 7
965 5
15 1
17 7
28 10
49 1
64 8
106 5
115 4
154 9
860 10
688 7
971 8
226 1
412 3
251 6
475 2
697 3
940 10
943 8
1005 8
258 8
119 4
711 10
759 5
115 6
655 9
989 2
595 9
807 5
230 9
244 4
404 10
419 6
598 2
639 4
808 3
956 10
81 7
86 8
562 6
786 4
588 6
352 5
682 4
859 6
191 10
188 6
871 6
354 3
425 10
532 1
848 7
940 10
99 2
410 7
703 9
657 10
151 8
350 4
14 9
86 6
183 3
221 1
353 1
580 7
676 6
712 6
255 9
536 4
454 8
459 2
243 5
470 4
421 9
731 3
923 2
714 6
93 9
155 2
409 1
499 4
776 3
791 6
951 4
151 7
167 5
844 5
167 3
1013 9
382 8
240 1
574 7
705 1
738 9
749 7
778 6
814 5
988 7
1015 10
689 6
529 5
351 3
935 4
228 7
278 5
429 7
604 4
617 3
619 8
849 8
35 10
90 6
221 2
704 3
426 9
1005 2
419 9
31 3
374 5
223 5
510 6
932 4
773 8
20 2
314 6
337 7
547 9
548 5
576 1
683 1
101 3
163 5
163 3
105 5
330 6
225 10
366 10
120 3
517 9
667 1
236 6
333 7
886 8
934 5
111 8
675 5
452 7
200 1
657 3
310 7
820 8
522 4
181 1
636 6
732 6
1023 3
671 3
504 6
972 7
825 8
254 9
345 9
963 8
745 10
531 7
210 5
333 9
396 9
730 8
843 3
1021 4
39 2
71 6
852 4
382 7
98 2
178 10
399 5
636 9
767 8
911 8
964 10
1020 8
838 6
849 5
150 8
459 7
544 9
804 8
253 1
419 6
891 1
22 9
71 7
720 4
654 7
359 8
56 8
529 3
895 7
323 4
503 7
954 9
29 6
111 10
130 6
14 1
764 6
304 2
89 10
600 4
308 4
369 5
403 6
622 6
714 6
909 6
696 9
690 5
386 9
745 1
255 7
319 5
527 9
564 5
674 1
674 1
682 5
795 5
6 8
792 6
872 2
722 8
825 5
584 9
307 2
991 2
712 5
97 10
272 3
775 7
979 10
469 3
384 6
637 6
354 9
72 5
430 3
768 4
590 8
620 6
53 3
753 3
715 1
597 4
579 2
753 7
50 8
762 3
433 6
338 5
988 5
724 4
170 10
144 5
271 10
327 2
407 9
459 9
775 4
901 5
602 10
76 2
294 7
673 7
977 7
994 5
830 10
800 10
985 1
692 9
262 1
980 3
89 9
312 5
957 6
586 10
602 2
830 6
821 6
673 3
732 3
52 9
662 6
88 7
168 1
795 1
284 7
710 8
887 3
62 2
566 6
690 1
566 2
666 4
160 3
828 10
8 2
197 6
359 5
459 3
484 3
675 1
764 9
74 7
109 3
256 7
322 2
948 9
721 5
57 8
263 8
310 7
850 1
187 8
885 9
434 3
890 9
82 10
749 6
73 8
307 8
366 4
489 4
592 6
117 3
790 10
810 10
282 10
612 7
193 8
425 7
545 9
184 8
248 1
200 9
996 5
39 5
517 5
727 5
483 6
964 6
334 2
494 6
576 5
666 5
898 7
62 4
99 7
159 6
207 1
1018 2
676 1
372 9
49 5
957 10
576 6
416 10
441 8
694 2
830 4
568 9
664 2
72 5
134 9
452 2
727 8
750 4
759 7
821 7
238 9
17 6
381 9
593 9
404 5
196 1
237 10
321 1
279 7
239 9
347 5
827 3
848 6
864 9
19 8
24 3
159 10
777 1
832 1
799 7
889 5
918 7
979 2
724 2
412 5
107 4
912 6
586 2
943 9
665 4
59 10
408 7
204 9
225 4
203 10
914 1
41 10
186 8
310 4
644 4
767 2
70 10
639 1
266 7
594 10
275 10
343 2
359 2
462 7
528 2
668 7
753 3
62 7
906 6
835 10
558 8
676 8
940 8
495 10
815 9
650 10
233 4
854 6
1011 6
190 1
984 5
753 8
205 9
851 9
966 5
813 2
600 4
115 2
485 2
506 7
558 8
606 10
859 4
33 4
70 8
183 6
223 5
376 8
1016 4
307 6
554 8
706 10
96 6
261 6
89 5
526 6
892 1
274 10
341 3
409 1
700 4
720 8
1010 4
700 4
545 2
708 7
225 2
993 10
528 8
875 10
565 7
353 7
442 8
461 7
679 1
902 9
967 5
986 4
74 4
97 9
168 1
187 9
555 7
733 6
228 6
343 2
405 6
450 2
555 4
802 10
839 2
956 3
0 10
346 5
664 4
1004 2
637 9
855 7
403 7
304 9
438 10
798 1
29 8
129 3
46 1
725 9
215 8
264 6
264 9
523 1
646 8
49 1
63 3
291 9
79 5
525 3
656 7
1023 7
192 10
100 2
614 8
539 6
539 3
79 8
90 10
139 6
192 9
643 4
352 9
275 1
283 9
286 6
846 6
108 8
127 10
196 9
689 5
464 8
793 5
97 5
34 4
351 2
354 2
924 7
268 5
269 3
605 7
128 10
813 5
564 3
0 6
452 6
641 7
207 5
235 9
261 5
289 10
758 10
787 1
826 2
188 1
255 5
206 5
515 7
221 9
371 9
446 2
716 10
118 6
140 9
957 9
995 5
856 7
141 10
881 7
385 4
608 9
300 2
235 10
384 7
810 6
1016 6
16 2
46 2
424 7
912 8
606 2
612 1
356 4
989 5
519 2
861 5
742 4
22 7
305 4
393 8
421 2
604 3
609 2
631 8
643 1
791 8
991 8
49 1
141 5
486 5
657 3
169 5
487 1
780 1
300 1
332 1
481 5
597 7
359 7
679 2
1012 4
4 5
3 4
602 1
272 4
595 1
744 5
883 6
1020 4
802 5
1006 10
430 10
66 2
265 1
479 10
897 5
147 8
62 3
449 1
772 1
1018 10
337 3
853 5
13 6
67 2
474 4
887 7
635 9
1006 4
52 9
858 9
418 10
814 6
882 8
240 6
296 10
311 4
350 9
442 10
679 1
753 3
790 2
858 1
202 8
919 6
547 2
130 4
380 1
529 9
597 5
658 7
760 9
862 7
969 5
638 8
156 5
829 9
569 9
920 8
594 10
339 5
604 5
405 6
527 5
103 10
285 7
670 7
70 4
584 9
71 3
56 7
1023 7
231 3
319 8
337 10
389 7
551 1
1008 1
39 7
147 4
75 3
475 5
811 2
304 4
951 1
998 7
23 2
116 9
621 2
50 9
985 10
60 2
38 9
236 2
260 7
475 2
876 5
141 2
293 9
318 2
592 10
58 7
129 9
527 7
222 7
1008 9
290 8
408 6
472 9
747 9
969 7
118 6
144 9
165 2
324 7
840 5
437 10
160 1
272 1
299 6
454 4
207 9
267 4
274 1
429 8
559 6
603 4
666 2
827 7
970 6
37 9
220 7
82 2
434 7
820 1
499 4
867 2
37 5
519 8
246 3
619 3
236 7
375 9
800 1
949 5
1015 5
7 6
100 6
197 5
367 6
136 2
165 5
69 6
554 5
396 7
316 3
391 2
481 7
492 6
595 6
646 2
702 5
944 10
951 2
35 2
41 1
486 3
579 1
96 4
537 6
1018 9
679 9
281 4
309 6
599 1
855 6
963 1
167 10
192 4
199 2
58 9
104 9
264 10
331 6
336 10
378 4
399 4
399 4
632 6
719 9
812 1
849 1
157 1
571 2
305 10
339 1
364 4
688 8
965 4
559 9
732 1
815 8
29 8
303 6
440 2
817 2
108 2
116 10
916 6
784 1
589 3
661 1
703 7
283 6
331 10
636 3
736 4
757 6
785 4
919 8
1011 8
77 1
126 10
200 6
164 7
556 1
282 5
973 9
941 3
991 8
310 6
256 5
337 1
624 6
811 4
994 5
58 6
39 8
995 2
286 10
598 9
282 5
130 4
254 10
491 7
984 6
128 8
689 9
271 7
491 10
476 7
857 8
158 9
735 10
751 4
1020 3
70 6
550 3
951 9
451 10
217 3
279 3
233 5
275 6
644 6
876 1
917 8
464 1
704 2
726 8
129 1
790 6
256 9
265 6
299 2
600 2
654 10
195 4
494 6
231 5
831 7
409 3
1003 1
127 6
619 8
762 8
317 5
487 7
501 5
511 10
631 4
670 6
955 4
51 2
779 2
930 1
208 10
206 9
260 1
312 9
981 8
375 6
445 3
492 6
838 6
915 5
948 9
1007 9
167 6
697 9
857 4
286 8
222 7
38 5
219 2
839 1
757 9
257 7
404 1
424 10
721 10
799 4
1006 4
190 10
991 5
797 6
281 9
355 1
410 4
479 6
496 10
660 2
877 1
976 9
84 5
190 9
709 2
130 6
952 8
101 7
318 10
63 6
680 2
757 8
238 4
238 4
258 4
288 9
365 2
511 6
534 10
759 2
917 8
986 7
14 5
903 1
657 6
414 4
306 9
648 7
294 2
190 9
369 4
475 3
827 5
870 3
134 7
214 6
826 9
259 7
163 1
933 6
241 1
571 10
654 4
857 10
76 1
1011 5
528 7
923 5
1 3
88 9
240 1
469 10
528 3
596 6
597 3
664 10
683 8
702 10
706 3
743 6
952 1
970 4
881 3
465 6
1006 3
86 1
59 7
884 9
820 2
534 1
617 1
1007 8
1011 5
161 5
87 4
85 8
407 7
842 9
276 6
325 2
383 3
437 1
554 3
589 8
861 2
913 1
931 4
9 5
752 5
158 4
965 3
343 2
541 4
291 2
521 4
522 5
574 3
579 3
581 4
921 9
58 4
121 2
675 9
893 3
963 7
851 7
927 10
253 6
283 7
940 8
100 2
119 3
222 3
22 8
279 2
286 3
471 2
997 7
26 2
83 5
919 1
450 4
328 10
682 5
807 7
742 7
430 9
479 1
548 1
639 8
647 3
652 10
702 3
833 2
47 9
63 3
187 1
908 8
740 2
857 6
612 3
671 1
737 9
755 6
900 1
53 2
951 8
431 7
372 7
137 5
299 1
360 8
599 6
657 4
726 6
803 7
43 3
540 2
272 7
896 5
913 5
449 5
524 5
951 9
13 7
157 6
556 5
872 2
1 4
304 2
632 3
554 5
445 9
455 5
291 4
422 3
455 4
695 3
937 2
600 1
339 10
93 9
597 5
483 6
9 5
466 9
513 10
524 7
917 4
994 4
66 10
100 10
51 6
744 8
304 7
386 2
245 6
747 3
171 1
758 2
755 8
949 2
487 3
533 5
849 9
20 4
169 9
229 10
457 2
508 9
338 7
443 7
724 5
555 1
287 1
377 8
825 8
1005 10
6 8
56 10
59 2
125 6
161 9
207 5
433 5
344 6
174 7
840 5
587 8
341 3
358 6
458 7
580 5
607 10
651 10
915 1
184 7
819 3
228 5
739 4
232 9
274 2
413 5
715 1
70 7
155 9
236 7
268 2
863 1
674 4
516 10
552 7
688 9
718 2
839 7
853 1
945 6
1007 9
67 9
148 6
158 8
300 1
46 5
238 4
372 4
574 4
701 5
622 5
668 9
700 8
720 7
986 5
80 8
119 8
240 7
131 1
596 1
345 9
406 6
727 10
931 6
1001 5
235 1
616 3
703 6
484 5
219 7
617 4
986 2
563 4
933 1
289 10
324 8
401 6
198 6
856 5
287 3
206 5
606 10
361 4
453 1
358 4
264 4
452 8
564 6
790 5
866 7
906 3
922 3
975 1
144 8
789 10
990 4
152 10
949 5
440 7
474 3
179 1
815 1
597 2
715 2
844 3
849 9
949 1
184 8
89 1
535 1
442 8
747 3
833 3
869 10
123 6
261 4
202 6
477 6
225 10
880 4
202 9
117 3
682 7
624 3
752 4
41 8
131 3
885 4
899 3
232 6
328 8
830 7
836 8
212 1
305 10
470 7
525 2
774 10
824 1
950 9
194 7
513 1
907 4
551 4
115 2
879 9
955 3
36 8
984 8
399 9
520 5
611 8
754 10
449 8
496 10
806 10
930 10
695 10
221 4
36 5
1008 5
757 3
812 1
949 7
949 9
1023 7
80 3
86 5
257 2
360 6
543 7
598 5
715 7
481 10
791 7
56 2
860 10
205 5
358 1
271 7
395 2
560 10
864 7
879 9
961 5
30 3
31 8
205 3
311 3
816 6
626 8
698 4
573 6
319 10
396 3
420 7
454 5
732 5
739 7
770 8
889 7
10 9
51 10
947 3
875 5
380 8
387 2
770 4
534 10
115 3
761 9
482 10
637 9
707 1
814 8
230 7
600 8
89 2
341 2
321 5
79 10
268 7
1008 1
178 10
1021 5
611 4
333 7
504 9
509 2
628 5
720 7
789 3
211 4
221 1
250 7
1005 10
727 5
726 10
468 4
416 7
327 7
996 2
398 3
175 3
431 4
753 4
809 5
930 3
1019 5
28 3
93 2
556 5
507 5
128 7
63 5
520 1
583 2
650 5
816 3
877 6
972 4
44 10
126 8
256 2
71 4
99 1
221 1
378 7
198 10
549 8
596 1
813 6
958 2
33 2
103 2
194 10
204 1
569 4
657 3
418 9
231 6
331 4
581 3
654 10
307 6
614 8
735 4
912 2
2 10
543 4
634 4
243 6
452 10
592 4
990 10
1016 1
34 8
409 2
596 3
90 6
739 4
105 4
958 1
787 1
703 2
164 5
666 9
433 5
712 10
552 6
808 6
71 8
190 7
231 3
246 2
816 5
59 6
24 3
343 8
349 4
459 8
473 5
498 7
104 7
3 8
477 6
72 3
4 6
798 2
539 8
421 1
345 8
421 3
423 2
508 5
662 3
748 2
769 5
827 9
935 8
224 4
470 6
387 8
530 9
675 5
237 9
532 8
540 9
57 1
186 10
228 5
229 5
327 7
100 5
287 6
991 4
998 7
625 6
666 7
119 3
143 4
534 1
361 2
378 10
398 8
456 2
595 3
6 1
92 9
137 8
227 6
872 8
204 9
986 8
778 7
245 7
331 4
127 9
486 9
700 7
708 8
1001 3
65 4
181 7
332 7
805 9
770 4
656 1
333 3
429 1
489 2
822 8
908 9
29 10
54 1
217 7
30 10
458 8
630 1
735 2
797 1
862 5
8 2
229 10
236 8
459 6
204 6
441 1
246 3
709 2
139 6
868 8
785 5
254 1
261 3
282 6
809 1
340 4
831 2
444 6
439 4
687 3
294 2
978 1
894 2
296 9
698 10
714 8
895 2
933 3
957 10
78 5
114 8
129 10
794 4
91 8
607 3
32 2
346 8
486 9
432 2
238 9
567 8
327 3
593 10
617 10
53 5
109 1
260 10
206 10
624 3
854 7
598 3
436 7
328 10
430 10
913 4
525 2
448 3
322 8
343 9
566 5
709 9
858 2
860 7
939 8
991 6
851 3
889 8
102 3
220 8
352 2
492 7
203 9
769 5
466 1
610 10
555 4
821 10
784 5
244 2
251 4
372 7
640 6
647 8
663 8
669 8
729 9
754 8
920 1
945 6
24 6
82 3
923 2
1015 10
411 10
976 9
577 1
899 1
581 4
551 7
988 3
116 10
452 5
580 6
641 6
220 9
620 5
334 6
385 9
955 7
928 4
634 4
452 4
403 5
424 8
458 10
760 9
949 9
153 3
179 7
239 2
287 2
678 1
894 5
539 3
363 6
521 5
530 4
928 9
8 7
144 1
146 5
491 6
553 6
394 2
71 2
866 9
846 7
325 6
398 2
877 9
917 3
287 9
1020 10
41 9
385 10
886 1
314 9
214 10
951 1
465 2
359 3
405 10
499 8
551 7
642 4
667 5
828 1
857 5
1 6
397 4
661 7
694 10
510 9
695 1
790 5
121 8
131 7
406 8
795 6
739 3
895 2
955 6
221 6
138 1
249 1
232 2
569 3
960 7
383 4
472 3
488 9
512 8
550 2
928 9
990 10
208 2
210 1
258 1
667 5
693 4
951 1
799 6
935 6
697 2
605 2
1002 5
373 1
469 2
805 6
830 8
957 6
991 3
16 5
42 3
878 3
868 1
348 3
655 5
418 5
447 1
520 4
585 10
614 3
631 5
932 6
37 9
83 6
147 2
580 10
926 9
736 9
848 1
705 1
498 6
347 5
348 10
445 3
454 7
511 3
544 4
574 5
613 8
858 10
1011 9
10 4
601 5
226 6
479 1
380 2
576 10
173 2
251 2
253 7
346 10
60 7
486 5
218 4
344 1
976 5
201 9
101 6
681 8
688 9
226 10
265 10
686 10
209 4
967 6
342 2
97 6
840 8
408 4
556 8
51 5
137 5
239 9
668 1
145 2
311 8
3 10
148 10
571 1
314 1
318 4
403 7
406 7
999 4
175 2
337 7
969 8
197 6
423 2
185 8
367 5
154 1
572 7
587 9
275 6
617 2
800 1
29 10
479 6
173 4
926 4
590 8
661 2
719 1
796 5
526 7
34 5
93 5
735 2
999 10
224 6
86 9
778 10
405 4
565 8
849 9
938 5
963 3
27 3
168 7
184 7
228 6
122 1
193 4
318 4
687 7
269 3
306 8
432 10
214 4
567 10
447 6
587 3
805 8
346 9
528 3
333 6
373 2
410 4
558 2
759 3
953 2
126 8
149 3
180 5
235 9
367 1
649 9
417 5
425 5
749 9
951 6
997 5
69 4
487 6
467 7
627 3
662 2
296 9
306 1
384 2
495 6
661 9
166 6
952 10
447 1
83 6
367 4
484 3
563 3
772 5
809 8
861 8
121 10
380 1
711 7
535 10
751 1
883 9
223 3
566 10
365 7
765 6
33 10
578 8
494 7
553 4
674 8
701 7
767 9
883 5
900 1
1001 9
10 4
809 2
345 5
580 4
389 1
234 5
822 8
694 4
782 7
733 6
330 10
323 7
330 4
125 6
220 2
238 10
310 4
893 1
306 4
352 5
991 7
751 4
709 10
811 8
780 6
653 8
830 10
860 6
947 7
969 9
52 8
128 9
269 10
724 5
989 7
56 5
217 8
119 6
337 1
174 5
659 9
75 10
753 10
557 6
469 1
979 4
443 1
734 1
564 8
945 10
567 4
593 1
752 6
975 5
105 8
137 5
190 1
271 5
11 4
400 5
771 8
582 7
411 8
457 7
532 7
541 7
595 10
600 5
676 1
738 1
184 2
560 8
749 2
415 4
493 6
289 8
657 5
780 4
522 3
518 4
440 6
481 5
544 1
767 10
796 1
962 7
991 5
525 9
36 8
997 9
317 7
89 9
172 4
927 6
727 8
412 6
507 1
586 6
723 1
954 9
59 7
221 7
462 6
337 4
87 3
260 8
733 1
38 2
930 5
984 7
597 8
399 4
647 4
680 10
747 7
756 2
1013 2
634 5
638 7
631 2
7 9
339 2
809 7
832 6
295 6
243 2
397 1
446 7
484 10
507 9
583 6
584 10
659 4
684 1
407 9
575 2
549 9
885 7
339 10
438 2
543 4
760 2
788 9
804 5
272 7
282 7
103 7
797 7
288 3
178 2
331 6
451 5
529 10
571 10
769 10
843 10
247 10
265 8
289 10
141 5
348 9
800 9
878 7
641 8
657 2
654 10
424 4
427 10
517 9
751 6
773 3
980 7
19 8
389 6
359 1
676 5
809 2
98 10
167 6
317 10
603 1
317 4
947 6
688 7
970 9
555 2
824 1
335 8
487 3
733 1
856 5
946 9
275 4
283 4
101 2
891 2
806 9
227 10
71 1
489 5
225 6
327 6
332 10
562 3
908 2
928 2
210 1
284 7
451 4
370 2
19 8
10 2
45 9
883 5
364 5
331 10
856 10
680 4
618 1
682 10
739 2
271 7
479 10
284 3
167 7
530 5
169 9
311 6
882 6
743 2
554 6
512 1
567 10
608 9
796 6
943 1
127 9
293 6
99 5
690 9
52 4
120 5
603 9
379 10
187 2
957 6
1013 7
968 5
394 5
429 5
470 10
579 6
584 6
647 9
685 1
932 5
84 7
787 6
761 7
330 8
34 10
457 3
144 7
384 4
452 6
662 2
917 5
962 4
991 10
51 5
349 7
873 5
545 8
556 8
18 10
506 6
829 2
225 10
532 2
696 2
1009 2
32 8
32 10
213 3
307 7
319 1
324 4
1010 7
936 3
217 10
608 2
166 7
457 8
626 5
228 1
837 9
343 5
492 6
545 10
691 1
79 2
137 9
178 5
254 7
973 3
937 4
128 2
448 7
631 2
654 2
815 10
30 7
216 5
226 1
252 10
325 2
963 7
654 5
326 10
550 7
658 5
866 6
875 3
950 3
287 4
482 8
497 7
946 9
508 7
821 4
271 2
255 3
502 8
198 3
587 4
981 9
305 2
857 3
713 4
452 3
779 8
420 1
742 7
360 4
445 8
474 5
536 8
945 3
244 2
200 2
1012 4
876 5
289 9
12 6
337 5
194 2
906 8
279 8
382 4
467 4
490 6
528 3
594 2
602 3
634 9
255 6
304 1
958 1
532 2
907 6
19 10
61 10
169 9
259 9
317 5
138 10
346 10
384 10
116 8
280 8
370 7
542 3
426 2
501 4
564 3
579 6
756 6
810 5
1022 10
201 5
288 8
304 10
311 9
345 10
686 9
368 6
722 1
613 3
360 1
359 7
422 1
12 4
33 1
55 6
190 5
673 7
302 5
444 6
511 9
855 10
889 8
956 3
301 3
328 9
711 10
71 1
518 6
698 8
407 5
302 10
393 5
417 6
776 4
976 4
93 5
117 3
336 7
677 4
812 5
708 3
279 4
548 6
451 8
525 7
713 9
821 7
875 2
953 6
58 7
160 4
635 5
214 9
563 3
506 4
416 6
591 5
813 8
835 4
988 9
164 3
205 2
576 7
388 10
457 4
471 3
436 1
593 8
123 5
948 10
433 8
556 10
588 5
601 10
871 2
909 1
930 10
88 9
91 4
159 5
204 9
318 5
45 1
616 6
290 2
726 3
660 6
60 7
666 1
668 5
715 9
55 3
199 7
38 2
748 8
636 6
463 8
29 2
160 1
380 6
481 1
639 10
944 9
176 9
205 2
830 8
801 8
805 8
620 4
726 6
159 3
571 9
607 10
935 4
13 4
140 6
455 1
830 9
410 9
677 7
823 3
237 1
416 10
535 2
582 3
209 4
1015 7
443 1
873 10
668 8
825 6
40 1
878 10
357 6
533 6
897 3
117 6
868 9
567 1
470 7
150 7
356 6
821 4
677 8
707 8
988 3
90 1
151 1
261 4
268 1
255 6
452 7
678 7
559 3
605 4
819 8
867 5
906 2
996 2
75 4
172 8
183 5
210 7
839 9
47 8
460 2
110 1
346 7
194 2
641 7
329 1
296 3
705 3
445 10
500 1
597 4
986 3
268 6
346 1
869 5
30 4
402 7
709 2
969 4
249 8
761 7
342 4
449 6
570 3
958 1
61 1
261 4
398 4
282 2
832 5
444 7
666 2
363 1
746 3
660 10
447 5
715 8
782 4
7 4
595 9
69 2
704 3
108 8
85 3
522 5
830 2
927 1
361 1
294 6
510 5
378 4
462 7
548 9
404 6
614 3
637 6
719 1
989 5
226 4
332 5
869 6
959 5
408 1
787 9
835 10
6 6
114 6
137 5
316 7
238 2
367 6
636 4
880 1
896 3
721 5
737 4
801 4
90 9
167 10
38 8
520 8
896 1
185 4
457 4
647 9
653 9
835 2
938 9
950 4
83 3
223 6
307 5
312 1
365 6
314 4
946 4
671 9
537 4
839 9
627 3
754 1
954 8
995 6
106 5
346 6
715 5
602 3
463 9
570 8
645 4
652 8
704 2
753 3
899 10
2 8
48 2
635 6
812 2
594 10
239 4
525 9
173 5
102 10
673 8
786 10
853 4
1006 6
23 7
332 2
345 7
148 8
887 7
908 5
401 1
636 1
835 10
861 10
1005 6
58 10
207 9
563 4
573 10
612 7
644 2
832 4
132 10
188 9
249 7
258 4
291 7
902 8
982 7
978 10
122 2
78 10
594 6
78 2
913 5
400 9
460 5
730 10
731 5
825 6
125 10
152 5
300 1
311 2
3 10
947 2
989 5
86 5
165 5
1000 7
894 1
923 6
653 9
937 2
951 6
235 6
222 9
638 9
142 1
554 9
598 2
957 4
963 7
100 7
139 7
197 8
108 10
134 10
977 2
56 6
489 1
551 8
596 1
637 6
671 1
683 2
749 3
815 5
882 8
904 8
933 9
129 4
254 8
983 9
40 7
639 10
768 7
845 4
135 8
438 7
645 2
900 5
933 5
274 7
363 4
784 7
282 10
630 2
511 10
225 4
381 8
459 9
651 4
767 1
769 1
810 3
831 3
950 3
979 10
128 5
334 10
790 1
719 5
963 4
460 10
407 9
600 10
647 9
689 6
810 2
877 3
108 8
270 8
315 1
215 1
869 1
834 2
491 1
963 2
303 2
704 2
353 6
595 7
780 1
971 9
973 2
45 1
50 9
120 10
190 9
549 3
378 8
413 10
522 3
48 4
88 7
163 8
170 7
343 4
929 9
888 8
46 9
399 5
416 6
582 6
860 6
981 7
56 9
91 9
123 5
299 4
147 8
243 3
400 7
519 9
524 6
538 6
671 9
842 1
176 6
314 2
345 10
696 7
448 6
881 2
646 1
335 4
919 5
208 7
640 7
595 4
557 9
680 1
992 9
9 8
19 2
208 4
293 9
296 10
115 10
729 6
941 3
566 10
560 7
34 7
992 3
791 3
753 1
531 1
662 8
993 9
30 7
174 9
253 2
890 2
765 3
785 4
387 1
617 1
111 4
982 10
99 10
270 2
281 8
386 1
815 7
392 4
939 1
527 9
474 6
527 4
528 3
716 5
820 7
351 10
430 6
431 2
818 4
948 9
997 6
879 1
405 8
581 1
39 4
491 2
492 2
689 6
764 1
845 10
955 7
1020 10
317 1
329 6
217 7
985 6
723 8
711 5
481 4
482 1
744 9
713 7
802 3
88 8
125 2
745 2
841 9
828 10
1009 10
6 3
223 2
565 7
431 9
891 8
553 2
886 10
786 8
528 7
893 4
935 5
74 10
387 4
422 7
73 9
432 1
479 3
773 8
777 2
869 3
941 8
987 7
43 5
110 4
209 8
409 7
599 9
348 5
116 7
986 2
467 7
485 5
487 2
759 7
792 8
892 2
39 4
295 2
334 5
606 9
96 2
570 10
844 5
516 5
603 6
611 10
711 10
815 6
24 6
902 10
828 1
673 9
482 2
402 9
268 2
796 4
945 2
496 8
548 3
570 1
865 4
957 7
1000 3
223 7
169 9
518 9
731 5
425 8
269 3
587 10
616 9
965 3
57 4
297 4
612 7
325 1
656 1
444 5
942 9
734 7
982 1
425 2
541 6
572 3
616 3
626 8
746 8
46 2
272 3
361 4
282 8
863 1
295 2
518 9
760 5
656 6
811 8
426 7
587 4
447 5
535 7
726 2
772 8
785 1
99 9
113 2
148 2
975 5
170 5
225 4
266 9
324 4
415 10
936 7
225 4
426 6
382 5
564 10
697 10
321 5
372 9
848 3
383 7
76 1
661 7
692 8
915 9
548 9
680 8
766 6
826 4
898 4
83 7
94 3
123 6
135 2
7 9
915 9
951 8
370 1
890 1
260 6
432 4
46 9
80 2
128 4
360 7
395 9
516 6
475 6
56 3
83 1
146 6
974 10
843 8
900 10
937 5
966 4
1023 7
69 4
201 7
930 8
133 3
749 1
173 6
25 7
86 6
890 2
293 5
306 7
477 6
587 6
928 6
971 7
94 6
190 5
236 1
44 7
420 2
158 10
363 6
414 3
546 9
42 4
534 10
561 10
807 5
852 4
984 1
23 6
309 4
388 8
200 6
39 8
216 6
80 3
590 5
296 10
745 6
149 10
475 9
585 5
603 6
687 5
741 9
18 8
298 8
667 3
749 1
259 6
306 7
788 3
598 2
464 3
535 9
83 3
581 5
625 6
642 2
703 2
711 4
724 5
747 3
808 2
814 7
1011 7
77 8
114 10
243 7
326 9
348 5
531 7
379 9
630 10
902 3
494 2
520 9
856 8
951 4
178 9
955 9
997 4
192 7
431 6
553 8
364 1
609 5
744 5
220 6
917 9
305 4
766 1
763 3
830 7
890 1
277 2
393 7
84 3
945 5
198 1
456 10
162 1
449 3
233 3
601 4
634 5
733 4
829 5
908 3
49 8
76 6
126 4
153 6
160 7
355 9
848 3
680 6
824 2
964 9
992 6
90 3
237 4
85 7
311 4
905 3
693 6
830 2
857 4
34 8
292 10
911 2
321 8
881 8
623 1
809 9
442 4
96 5
516 1
681 3
822 5
157 3
191 5
572 2
860 1
323 6
539 8
562 7
693 9
256 5
381 10
925 1
714 4
479 2
489 6
47 9
724 5
828 6
103 3
156 5
239 4
404 3
525 10
62 4
699 1
979 1
549 1
463 3
643 7
896 5
322 4
399 10
671 4
989 7
717 6
503 9
585 9
745 5
905 3
943 4
100 10
272 7
611 1
188 10
350 6
36 10
355 10
382 6
753 3
687 9
907 8
149 9
715 9
490 4
669 7
348 6
312 5
557 3
667 7
434 7
556 8
437 9
576 1
679 10
745 9
1015 5
214 10
275 9
652 2
422 6
469 5
650 4
714 1
301 5
477 1
522 2
566 7
748 2
763 3
1005 9
116 1
165 9
706 1
938 9
987 9
624 10
481 7
158 6
672 10
171 6
503 10
826 9
342 1
404 2
85 10
269 7
612 1
617 1
707 9
813 8
30 3
161 9
280 1
209 2
280 3
594 6
557 8
48 1
32 6
40 6
392 7
418 6
586 2
251 3
454 9
873 10
346 1
954 7
597 2
831 6
496 1
671 7
510 2
521 9
666 9
30 2
148 2
307 2
624 7
280 2
835 9
603 10
113 2
141 5
209 7
328 4
236 10
293 8
771 1
782 5
792 10
441 6
720 10
861 5
396 8
397 2
922 8
749 9
622 5
879 5
899 2
186 7
862 3
594 9
159 10
312 5
712 1
812 5
165 9
398 7
399 6
463 2
948 4
588 2
860 4
700 10
1001 5
923 2
345 2
871 1
812 10
695 1
328 10
880 2
104 10
465 4
930 3
972 9
510 3
610 10
64 5
442 5
110 9
807 4
884 6
432 9
221 8
112 3
68 2
164 7
334 5
284 1
537 3
694 5
991 7
176 3
212 10
289 10
388 6
73 9
797 2
703 7
548 2
974 5
832 3
904 1
247 9
899 4
56 2
794 5
796 9
900 3
249 7
388 2
391 9
408 6
746 5
847 1
521 2
272 4
995 5
997 4
514 7
609 9
682 5
833 4
938 2
19 8
152 2
288 2
311 10
429 9
392 1
3 3
722 3
401 4
805 10
97 1
74 2
1022 2
483 1
663 3
688 2
803 5
812 3
105 8
178 6
255 5
278 5
351 8
486 6
775 5
475 3
907 5
66 8
934 1
807 6
468 7
490 7
592 8
833 1
877 4
930 2
99 7
123 1
131 6
222 7
417 7
982 5
1019 9
184 3
925 10
843 10
824 4
633 4
924 3
829 5
528 10
89 10
547 1
994 4
980 7
771 5
602 9
925 2
38 4
628 7
697 10
790 2
808 3
7 9
61 5
289 7
351 1
442 3
8 6
446 10
531 7
869 8
997 10
221 10
496 2
243 1
1012 9
763 6
603 7
417 9
689 9
657 3
628 1
994 10
1003 10
94 4
98 1
644 3
618 1
377 7
555 5
326 2
470 10
201 10
600 4
906 7
604 10
803 6
979 9
287 4
36 2
633 7
110 5
517 1
599 6
785 6
819 8
3 6
57 6
262 7
957 3
677 3
226 2
322 6
822 9
895 10
965 10
286 1
424 6
973 1
880 8
188 8
465 6
754 5
754 3
868 10
871 9
411 4
436 3
199 8
94 5
214 10
263 8
428 5
690 4
878 2
660 10
49 4
503 3
558 8
763 1
798 5
26 3
99 7
254 7
320 1
356 1
597 4
841 8
663 8
748 3
628 3
928 6
486 4
530 10
698 5
1020 1
287 6
361 7
397 5
573 4
828 10
492 6
65 6
805 2
143 7
1017 2
347 6
459 4
583 9
251 9
557 2
235 3
730 2
605 7
302 3
342 8
70 7
359 10
595 3
737 10
552 9
579 5
805 5
924 2
1021 1
207 2
3 6
436 10
325 7
605 9
636 2
704 1
766 5
931 9
145 8
311 6
314 1
109 9
483 1
538 9
682 5
1010 4
398 5
69 10
361 5
301 1
451 9
753 10
128 8
289 3
338 7
384 6
740 6
597 7
1001 7
1012 2
481 10
601 8
213 1
267 8
409 3
148 10
360 6
37 2
572 7
618 8
583 10
250 5
713 10
143 4
562 2
712 6
8 10
63 9
136 6
149 5
247 4
629 3
80 7
110 1
200 2
714 3
30 5
648 2
542 5
150 4
481 1
581 1
587 9
810 6
991 1
231 10
332 4
349 8
447 9
567 8
775 8
579 3
704 10
327 5
472 1
973 9
1003 1
482 8
591 5
772 9
773 7
1003 5
79 1
168 7
206 6
276 10
293 4
342 3
358 7
1017 9
189 2
683 9
877 1
616 10
669 9
793 2
335 6
261 8
292 5
719 10
850 2
48 10
75 1
261 1
695 10
877 3
138 2
493 1
548 8
774 3
1021 5
161 8
221 4
422 9
269 5
302 7
118 6
563 10
894 9
251 5
355 1
1013 2
842 6
959 9
76 1
140 3
251 4
38 1
409 10
55 7
714 6
83 1
1006 9
892 9
824 9
282 2
139 9
704 9
803 3
73 1
254 2
335 3
337 8
351 4
366 4
321 7
648 4
919 9
589 6
717 5
790 2
795 3
285 8
293 10
255 7
18 2
45 2
820 6
1002 2
1021 6
161 2
171 7
286 6
279 8
618 10
378 9
178 9
183 3
444 4
476 2
687 10
946 7
359 2
379 10
372 5
527 6
897 6
934 1
80 7
636 4
672 9
199 7
591 7
324 6
363 7
901 7
623 8
194 7
131 8
581 8
47 10
568 6
499 1
529 9
551 2
882 5
62 8
353 8
426 2
368 9
617 4
633 1
630 10
617 10
414 3
569 3
628 5
637 5
644 5
205 8
232 1
406 3
0 10
685 4
799 8
142 7
242 6
296 2
749 8
441 6
427 4
836 7
901 1
566 9
660 2
661 7
881 7
944 1
291 1
883 10
252 9
564 6
50 9
991 6
473 3
615 1
688 1
714 4
741 7
313 7
586 7
19 3
393 7
343 4
502 7
544 7
777 1
982 1
53 3
272 4
63 7
572 2
3 3
433 7
591 5
565 6
612 6
660 1
44 5
81 3
176 3
300 2
320 1
418 5
9 6
241 10
95 1
59 8
915 1
495 5
536 1
588 2
642 4
752 4
125 10
161 4
281 6
357 7
438 10
334 10
548 1
69 2
776 5
986 7
947 2
265 7
910 8
135 2
497 1
516 2
351 3
114 6
6 9
246 2
558 4
590 7
605 9
655 7
668 9
684 9
758 4
451 1
299 3
1014 1
553 10
727 5
939 9
887 1
220 9
144 7
947 7
699 8
764 3
845 10
985 1
790 4
466 3
279 5
789 4
961 2
636 5
890 5
915 3
979 4
37 9
214 4
262 3
885 10
878 4
387 6
791 1
494 8
727 4
24 4
342 5
495 1
591 5
682 2
789 7
56 8
125 2
218 5
402 6
433 3
405 9
730 4
219 2
239 3
3 6
157 2
782 10
230 7
1007 10
459 2
491 8
645 9
664 6
43 8
81 10
103 7
264 6
280 6
418 1
658 8
548 3
403 6
691 1
792 5
585 4
661 5
771 6
853 6
131 7
870 9
489 10
695 2
727 8
731 8
934 7
988 2
213 10
303 1
308 6
333 10
413 2
116 6
612 2
637 1
237 6
247 1
591 6
680 9
897 7
505 6
392 3
553 3
1002 1
834 4
881 6
102 8
541 8
823 4
863 1
718 10
210 5
268 10
389 4
419 7
322 5
103 2
131 8
707 5
679 9
448 10
450 1
701 1
223 7
353 1
734 1
808 3
878 8
340 8
389 1
395 2
53 5
583 8
928 4
649 8
270 10
144 9
451 8
594 5
865 7
596 1
655 3
981 2
988 1
64 10
107 10
187 6
252 6
447 1
979 10
494 2
432 1
979 6
595 8
997 8
1007 7
260 5
325 10
183 3
638 2
550 10
615 4
636 7
739 3
936 1
715 1
314 3
814 5
886 2
978 5
897 1
848 3
145 9
849 3
196 2
393 5
816 10
570 4
625 4
672 7
933 9
210 5
224 3
288 9
304 5
433 6
443 4
96 2
283 9
542 8
779 6
868 6
210 1
313 6
137 1
330 3
393 2
234 7
697 3
253 3
1002 9
860 10
575 2
942 8
880 3
902 7
95 3
832 5
299 9
745 2
863 8
979 6
331 5
413 6
376 1
42 1
478 10
952 2
918 3
284 2
185 4
492 9
777 7
778 5
826 3
947 2
1017 9
8 4
86 1
109 2
417 4
660 2
433 7
982 1
8 6
343 6
493 6
584 6
672 1
870 4
994 9
1017 8
83 1
230 10
295 6
380 1
144 9
552 5
388 2
884 10
617 9
682 4
133 8
741 3
476 8
229 7
741 6
761 9
818 2
884 2
995 5
14 2
25 1
27 6
444 6
639 1
223 6
42 6
235 6
728 5
50 3
337 6
290 7
388 2
489 9
577 8
812 10
114 7
128 8
128 2
322 6
490 6
80 3
742 1
115 7
453 1
843 1
726 6
758 8
1011 1
233 6
407 2
474 8
483 2
187 6
316 7
879 3
107 5
195 10
314 6
474 1
520 9
962 4
724 1
103 4
923 2
469 5
104 1
1019 10
715 7
70 2
548 7
973 6
267 10
395 8
422 1
437 2
688 2
1013 9
620 1
583 6
945 4
237 10
790 9
818 3
1022 1
340 7
470 1
806 4
839 7
810 1
562 3
605 6
302 6
279 7
563 3
613 5
727 6
876 9
222 4
831 4
462 1
106 1
733 6
917 9
151 5
296 8
162 4
156 8
682 2
584 4
647 10
816 9
886 8
937 5
23 5
715 7
984 10
982 8
359 1
936 3
569 6
778 4
967 10
849 1
525 3
575 7
605 6
805 5
948 1
54 7
69 2
155 6
234 5
849 5
345 4
917 10
34 2
71 7
341 8
467 7
942 8
563 6
576 1
600 5
709 1
415 9
693 6
442 3
606 9
172 7
933 10
419 10
15 3
824 7
565 9
648 9
695 1
725 10
805 7
1002 4
152 4
169 6
961 10
41 10
271 9
853 8
513 2
861 1
989 8
479 6
995 8
951 6
125 5
846 7
24 7
336 6
350 4
964 6
136 8
196 7
767 4
715 1
139 3
273 5
323 1
325 9
811 5
650 8
714 5
815 6
880 4
997 9
151 4
254 9
340 7
280 5
1016 8
25 1
76 4
271 2
26 7
672 8
603 9
811 1
943 4
69 5
76 6
363 5
428 3
165 6
297 9
422 2
987 4
540 1
788 5
811 6
943 10
11 4
30 2
378 10
302 3
238 6
708 4
234 10
347 9
704 1
6 10
1001 6
687 8
618 2
931 10
1020 7
1023 6
333 1
109 5
585 1
553 6
299 8
833 1
599 3
743 9
266 1
504 2
102 2
252 10
744 5
790 3
900 6
999 9
922 8
79 2
557 5
431 7
131 4
552 6
616 9
653 2
721 4
906 7
207 7
740 7
933 7
559 6
780 4
803 10
817 5
864 6
402 6
257 10
595 10
394 5
831 5
411 1
695 5
1021 7
470 2
559 1
126 4
604 7
662 9
915 1
125 6
167 9
187 5
439 1
977 8
856 6
328 9
562 2
630 7
817 8
848 8
890 9
1007 1
322 4
348 6
396 9
398 9
746 8
814 3
624 4
714 4
724 4
52 10
209 2
222 8
383 9
917 5
850 7
880 7
894 9
366 8
407 9
495 9
828 9
852 8
969 6
266 5
273 1
818 8
301 4
578 8
698 1
842 9
912 3
64 4
431 2
294 5
422 9
244 4
571 9
709 1
762 8
685 5
540 7
547 10
653 6
695 4
913 2
122 3
154 6
168 4
322 3
812 10
924 9
955 8
381 3
12 8
244 5
134 1
362 5
418 2
673 6
692 7
930 10
987 10
45 6
202 1
734 3
106 5
108 5
383 6
716 9
21 6
815 1
250 5
252 7
587 8
718 10
750 2
941 1
983 10
49 5
122 3
203 3
289 2
323 9
369 9
414 10
500 3
673 6
349 7
706 2
847 4
265 2
881 2
594 3
799 5
899 7
1001 5
1005 1
117 2
198 6
309 7
709 9
115 7
943 6
843 9
220 7
387 9
460 6
216 5
29 5
44 3
387 4
174 9
528 8
601 7
682 9
737 10
764 1
775 8
32 5
199 8
241 7
311 3
434 10
769 1
651 3
802 7
527 8
343 3
391 7
387 3
241 3
194 2
596 5
910 5
43 4
144 7
164 5
172 3
462 9
327 10
22 3
215 9
733 5
876 9
960 2
739 8
970 3
3 6
281 9
333 5
443 10
680 4
294 4
721 1
724 4
820 3
827 9
839 9
839 4
13 10
169 7
407 7
745 1
535 1
704 6
916 8
1003 3
385 1
980 6
436 7
155 1
825 9
886 10
1022 6
2 8
344 2
154 5
281 8
336 2
159 1
907 1
966 6
712 2
1001 4
321 7
20 4
1016 10
253 5
873 8
631 7
356 6
1004 8
682 8
768 10
139 5
270 10
282 1
404 10
242 1
836 3
238 10
601 2
727 8
743 5
892 10
263 1
406 9
531 1
780 3
315 10
823 7
947 2
950 4
82 8
703 8
355 2
712 8
398 7
659 5
678 5
679 1
131 6
150 5
161 4
342 8
469 1
18 6
906 7
948 2
1019 8
14 2
224 6
367 4
906 8
51 10
764 3
51 4
429 3
793 8
716 8
711 5
959 2
447 9
383 6
887 6
645 3
768 8
903 2
994 10
79 1
280 8
294 3
33 4
203 6
785 3
203 3
946 8
412 8
673 1
729 5
109 2
250 2
707 4
281 9
999 10
593 3
871 8
627 2
510 1
788 5
521 7
638 8
790 8
919 2
957 3
37 5
67 1
244 4
480 8
321 7
789 5
126 7
930 4
397 6
772 9
792 9
345 3
450 5
923 10
486 8
800 7
897 1
859 8
1 4
75 2
268 7
276 4
326 4
784 2
718 1
978 3
117 4
171 9
953 2
302 4
322 1
814 9
644 1
467 7
963 4
562 1
149 9
199 2
336 8
660 7
630 7
897 7
864 8
186 9
659 3
116 6
812 8
760 9
337 10
592 5
691 1
19 1
404 9
953 5
875 7
973 4
843 2
628 6
780 10
912 10
8 4
215 2
435 1
760 1
521 10
166 9
45 6
904 4
73 2
921 10
958 7
111 4
349 6
363 9
430 2
470 1
477 3
495 7
166 5
109 7
819 7
453 8
395 3
566 10
400 9
247 1
927 8
614 7
836 8
953 10
960 3
970 9
975 1
326 9
381 3
414 1
780 8
274 8
872 3
115 1
140 4
231 3
484 10
850 4
339 7
954 10
956 5
299 2
993 1
142 10
266 4
292 7
112 4
755 7
296 7
995 1
376 8
958 9
217 1
872 3
988 4
462 2
556 4
562 7
803 10
976 4
998 8
491 5
657 10
585 9
973 5
278 6
514 6
445 9
257 7
994 6
868 10
909 7
636 5
898 6
25 5
295 6
391 2
408 8
472 10
512 6
117 9
316 4
479 3
878 9
920 8
926 10
36 1
223 5
251 5
333 6
375 9
746 3
243 3
581 9
865 4
197 8
949 4
69 4
200 7
254 1
291 4
330 2
438 5
602 7
200 4
5 10
942 6
983 4
108 6
228 1
251 5
273 5
336 8
417 8
63 5
551 4
351 10
305 8
624 2
813 2
818 5
827 1
320 6
417 3
421 8
445 2
514 5
658 9
799 6
889 8
845 6
809 1
384 9
664 9
942 10
117 4
195 8
661 6
442 8
196 8
626 10
42 6
471 4
311 2
581 2
622 3
816 8
924 3
84 1
226 9
358 3
516 1
515 6
221 6
113 10
617 2
83 2
322 8
385 7
155 4
914 5
764 3
639 2
268 10
720 5
860 2
968 6
1015 7
96 3
144 5
741 8
1008 4
404 10
159 6
517 2
497 3
551 7
817 9
757 1
449 2
128 2
544 1
331 3
412 7
608 9
625 5
714 9
739 5
926 4
260 4
350 3
371 4
498 3
314 3
926 8
34 5
79 6
454 10
502 6
980 3
617 5
818 2
992 10
206 3
320 8
466 6
904 7
174 5
399 10
739 1
147 10
935 3
105 1
345 3
972 10
261 6
734 2
37 9
199 7
391 7
468 6
771 8
503 9
93 7
119 4
309 8
148 9
634 7
569 7
583 7
687 7
935 1
1017 4
182 6
316 10
385 10
548 10
465 9
182 2
418 7
837 8
705 4
289 5
603 2
855 5
1012 8
288 8
311 10
357 1
451 8
320 4
333 10
723 3
740 3
189 9
462 6
124 10
578 6
652 8
795 8
880 3
924 6
1018 9
216 9
275 4
299 3
463 3
500 6
82 10
565 7
924 10
793 6
394 10
39 9
604 5
485 4
666 4
368 8
395 1
360 3
107 4
614 1
226 2
306 1
521 9
327 10
799 2
906 5
240 10
75 2
643 6
34 6
354 9
669 10
723 5
772 10
976 5
307 7
412 2
449 7
468 2
102 10
870 3
397 3
22 5
584 2
991 9
28 5
750 4
854 6
116 6
143 5
269 6
444 4
371 10
753 6
17 5
41 5
77 9
258 4
163 7
244 3
302 5
809 8
89 6
326 2
487 2
500 7
858 3
998 5
29 5
188 6
351 7
715 9
752 6
166 1
303 10
929 10
187 5
417 1
502 1
588 3
668 8
5 5
292 1
1010 10
86 3
492 8
636 6
855 2
965 7
75 9
316 8
520 8
568 6
856 8
841 4
659 5
641 6
898 8
581 10
816 5
971 8
224 1
451 3
445 5
244 3
766 6
345 6
177 2
110 8
877 10
118 3
334 6
768 2
3 1
71 10
302 10
317 4
881 7
292 6
1 10
160 7
255 5
605 6
645 4
775 5
933 10
275 3
292 4
388 1
462 8
554 9
244 4
406 5
450 1
36 6
103 3
558 2
578 10
794 10
944 5
83 8
321 7
900 5
822 9
828 3
355 3
605 10
725 9
748 7
836 7
382 6
945 8
950 6
116 6
449 10
482 8
496 6
325 6
734 1
273 2
444 9
734 9
565 7
175 9
217 9
572 2
490 6
499 4
325 10
803 9
956 10
749 3
334 6
984 2
86 7
512 1
552 9
477 4
115 5
405 5
670 1
791 4
301 10
415 9
698 6
712 10
748 7
81 6
422 2
467 7
191 2
180 10
323 6
596 10
649 8
823 7
926 1
927 8
127 5
255 8
307 9
311 3
398 4
524 8
403 6
754 2
657 8
341 4
72 9
396 10
708 7
450 9
23 8
860 3
597 2
656 2
884 6
901 3
997 8
159 6
426 2
576 3
351 5
38 8
59 10
64 5
77 10
469 2
737 3
812 5
827 7
227 3
457 6
982 3
243 8
593 6
988 10
993 10
405 5
308 8
691 8
780 10
471 7
987 8
623 7
799 8
176 8
908 2
722 7
468 5
474 5
479 6
451 5
752 5
133 6
602 10
350 5
461 7
739 2
49 10
140 8
220 10
102 4
545 5
617 1
276 4
597 1
433 8
725 3
185 6
722 7
665 7
817 4
892 8
92 7
190 9
351 8
540 3
288 10
589 6
320 1
700 7
793 4
1000 4
1008 10
7 3
72 2
194 10
216 10
369 10
372 6
421 6
425 9
482 5
36 2
525 3
835 2
676 8
343 2
100 1
697 3
726 7
3 5
43 4
158 9
362 9
384 4
445 3
516 10
321 10
483 8
223 6
662 8
380 7
211 1
842 4
282 3
683 1
748 8
783 7
911 9
74 2
259 1
277 3
960 8
695 5
274 1
52 9
968 2
528 5
241 6
482 1
376 1
586 10
668 10
745 4
753 4
1007 2
124 8
177 4
210 7
252 5
324 8
422 2
443 4
448 7
592 1
62 8
241 3
118 10
262 2
359 4
847 4
72 6
587 2
215 5
834 6
719 4
863 1
918 10
62 9
229 9
268 5
289 3
406 2
899 6
841 5
856 10
629 3
375 2
158 2
79 7
805 6
892 9
618 6
602 8
787 8
903 2
393 9
648 9
671 6
676 3
112 4
224 1
512 3
439 6
816 3
249 6
709 10
826 6
859 5
95 7
137 7
173 4
196 4
252 1
271 8
438 4
502 5
986 5
321 5
379 10
774 8
232 2
880 1
902 4
41 8
781 4
782 10
94 4
303 5
351 10
409 4
527 7
534 2
51 5
448 8
677 10
768 8
179 10
211 1
368 3
435 9
555 7
591 10
180 2
30 7
598 8
343 3
72 7
36 3
5 6
927 6
985 9
1007 5
1019 6
330 1
334 9
437 7
566 2
221 4
423 10
405 6
683 6
394 6
509 9
835 2
684 6
79 8
140 7
216 5
570 5
779 5
974 1
732 10
516 7
164 4
209 3
105 6
438 10
650 7
890 8
954 7
1014 6
206 7
300 2
358 4
445 7
582 10
471 9
497 6
985 6
500 6
580 6
1011 7
446 9
20 4
721 4
869 7
875 2
209 2
261 10
394 9
503 9
196 10
862 7
288 3
255 10
756 2
354 10
843 6
874 5
99 7
208 9
337 2
562 9
128 7
780 5
117 2
333 9
722 5
813 1
905 1
981 8
4 7
408 5
209 2
88 8
431 9
1016 7
823 2
691 7
721 7
845 1
895 3
946 3
952 4
1023 3
291 10
428 10
60 9
791 6
876 5
6 4
673 6
19 7
271 4
416 1
394 10
669 1
933 9
266 8
756 6
662 9
678 2
679 8
980 9
66 6
186 7
209 1
397 7
479 2
1015 1
468 6
944 1
661 9
371 7
25 4
420 1
248 3
825 2
785 2
932 5
153 10
346 3
862 9
852 5
498 5
699 9
917 6
913 4
302 8
815 5
844 1
203 8
363 3
301 3
570 1
548 7
275 8
125 3
749 5
874 4
36 7
69 4
484 4
149 1
466 1
84 8
1006 6
1016 5
1003 8
741 5
907 8
951 1
994 9
260 3
352 6
452 10
850 7
514 9
396 9
873 10
140 9
752 1
397 3
134 5
872 1
626 9
959 2
133 8
260 4
386 1
463 4
463 10
491 9
592 1
307 2
559 2
958 5
563 5
420 1
242 1
288 10
746 3
164 3
123 4
438 1
449 8
459 10
598 6
731 2
511 2
962 4
332 1
709 1
893 10
1005 4
222 3
234 8
12 7
164 8
900 10
653 3
829 6
1021 2
293 5
354 4
496 1
117 10
802 10
176 6
993 1
653 4
679 5
751 2
35 2
116 9
219 2
94 4
970 3
1001 4
650 10
881 2
942 6
15 3
425 5
1013 2
558 3
258 5
173 6
657 9
856 4
910 1
411 1
462 8
590 7
966 5
961 6
108 9
641 9
697 8
104 2
289 3
419 10
423 7
264 3
556 2
518 4
228 6
706 7
62 4
64 5
282 6
562 5
485 4
643 2
715 4
43 7
103 9
406 6
875 6
861 10
884 3
145 9
269 8
337 5
558 10
397 8
53 6
616 9
762 10
699 1
759 1
540 2
53 3
313 3
367 3
659 9
690 8
660 10
742 5
805 3
2 2
443 3
271 5
137 6
437 1
546 6
463 5
962 3
435 7
979 8
756 4
769 9
913 4
7 9
450 3
598 3
6 1
772 5
648 5
711 3
959 5
378 2
407 10
463 10
545 7
891 3
645 10
671 10
285 1
750 7
122 7
517 7
1005 1
37 10
140 4
325 2
533 7
234 4
916 7
697 4
301 5
925 7
209 8
1005 7
338 2
863 2
947 6
996 8
109 5
128 7
251 3
225 6
36 3
14 4
21 8
63 6
434 4
439 7
463 1
704 3
4 5
638 1
792 5
857 10
931 4
53 7
156 1
276 4
293 4
325 5
565 7
914 8
343 9
409 5
675 1
719 4
720 10
214 9
350 5
369 6
945 1
119 5
857 3
664 2
707 4
718 7
353 6
365 4
461 4
484 7
170 9
552 5
473 5
446 2
370 1
227 3
897 8
806 7
577 6
168 6
752 6
755 7
915 2
951 9
176 6
201 9
479 1
82 2
463 5
270 9
723 8
363 6
7 7
376 6
661 6
87 9
216 8
325 7
375 9
484 2
811 10
540 8
821 7
710 7
865 7
708 5
633 1
681 9
684 9
747 9
886 3
1002 2
123 9
194 1
377 10
492 1
560 2
649 5
247 8
353 10
50 10
5 6
158 4
972 6
917 7
846 9
384 7
976 8
860 6
752 5
912 6
77 2
291 6
796 1
825 8
206 7
328 8
359 7
578 6
623 9
862 8
292 6
791 7
803 2
888 1
149 7
988 3
469 4
296 4
406 2
813 10
930 3
1000 2
204 4
571 6
625 2
1015 10
805 8
1020 10
414 7
209 1
791 7
108 1
787 10
930 9
935 6
937 1
153 9
438 3
544 1
231 6
885 3
463 5
371 2
12 8
193 4
798 5
844 8
874 1
630 10
993 8
476 9
580 4
538 3
377 2
766 9
1003 1
690 9
368 4
121 7
751 9
809 1
910 10
103 3
384 1
202 8
223 2
701 5
839 5
126 6
379 9
247 3
291 8
334 9
324 4
868 4
366 9
499 10
931 4
21 2
62 3
239 7
450 2
457 4
599 9
712 6
629 5
503 9
721 8
726 7
312 9
482 8
639 5
864 6
586 8
738 9
968 9
195 10
418 4
621 10
273 5
604 7
782 4
507 8
828 9
653 7
743 8
777 1
852 2
920 8
528 3
967 2
141 8
378 4
255 10
701 6
750 4
126 10
418 2
784 1
723 2
368 8
831 2
725 6
568 8
247 10
720 4
762 6
1001 4
1004 6
43 9
149 6
619 3
650 7
692 1
318 8
930 8
374 9
66 5
620 4
366 9
521 6
514 2
118 9
663 8
808 1
899 3
28 2
172 7
275 10
328 10
339 5
801 8
997 5
25 6
756 8
240 4
338 2
746 7
849 5
900 1
232 10
709 3
906 3
942 3
1018 1
158 9
301 5
81 1
482 3
471 7
684 7
882 9
203 7
284 1
397 1
398 6
843 6
587 2
719 6
904 6
954 8
989 9
116 1
160 10
168 3
210 3
239 6
275 3
322 5
328 2
437 3
552 10
587 8
989 5
987 10
768 10
249 4
622 9
52 8
945 10
42 5
788 2
802 7
53 2
91 5
477 8
557 9
215 7
51 8
339 5
799 7
1007 8
52 3
130 6
545 3
578 5
627 9
535 5
319 9
325 4
125 4
150 4
738 5
774 9
925 7
964 8
352 6
361 10
442 10
490 2
545 7
468 1
32 10
143 8
237 2
102 6
627 10
3 6
465 2
753 10
766 2
811 9
952 7
25 4
100 7
227 1
297 7
314 9
400 7
558 6
612 9
637 6
695 6
465 7
102 7
1013 5
308 2
83 6
477 5
719 7
844 3
58 6
63 4
111 6
181 6
595 8
313 2
280 3
385 8
516 9
87 9
102 6
676 5
611 9
335 2
702 5
971 8
972 4
984 2
443 8
432 3
146 9
949 3
1016 4
291 8
663 4
663 4
724 1
653 8
758 4
948 8
189 2
201 4
930 5
952 9
635 2
241 10
748 4
557 9
476 6
756 3
192 4
592 7
8 10
103 3
937 7
985 4
54 7
103 5
278 9
282 7
361 2
570 4
182 4
422 9
221 2
900 4
816 7
106 7
1003 1
187 5
788 10
352 1
740 5
969 1
167 1
300 5
406 3
417 7
67 10
892 3
296 5
963 5
306 1
356 8
576 8
352 5
194 7
471 9
258 9
901 5
954 1
144 10
596 10
720 4
811 8
16 6
417 7
452 9
611 1
291 8
571 10
880 4
54 1
217 7
585 1
711 10
234 6
1003 2
1008 6
925 8
85 2
85 6
169 3
367 9
415 4
422 7
599 6
630 10
872 3
248 1
17 2
101 10
376 1
383 9
780 4
419 10
461 9
509 8
941 1
485 7
490 1
750 5
931 1
12 8
758 3
774 6
873 6
981 1
35 4
179 7
181 3
347 7
395 9
525 6
369 8
610 6
539 1
522 6
764 2
775 2
257 4
174 1
316 8
74 9
174 1
810 1
21 6
168 5
245 9
281 5
634 1
183 1
972 6
882 8
1013 5
188 1
195 8
594 8
599 3
662 5
899 2
321 1
104 2
786 5
741 4
329 5
160 6
735 3
983 6
349 4
355 7
440 3
779 3
739 6
101 7
601 10
357 8
910 8
140 5
294 1
358 7
611 2
120 7
535 5
812 9
757 2
995 6
766 5
780 5
948 7
44 8
224 9
481 9
535 1
611 8
70 4
417 10
199 1
972 10
210 2
214 1
620 5
822 7
3 9
238 2
332 4
410 6
479 9
530 4
400 8
324 10
933 8
384 1
972 7
121 5
304 8
411 3
767 6
638 9
683 1
696 6
764 6
903 9
926 8
963 4
85 4
159 4
247 5
264 7
447 5
491 4
499 2
332 10
533 8
174 5
474 2
431 5
527 9
70 10
868 9
452 9
603 6
681 1
812 6
241 8
839 9
903 4
595 1
152 10
854 4
376 2
166 1
968 1
31 9
143 3
151 3
638 9
471 9
880 9
603 6
325 1
655 7
738 3
139 6
464 4
521 5
907 7
334 1
799 5
305 10
346 9
1011 1
70 7
783 6
855 10
974 5
57 7
287 3
511 8
118 1
979 1
730 8
405 5
416 9
61 9
789 2
565 7
310 7
459 10
904 2
20 7
112 3
138 1
157 7
226 8
330 7
496 2
304 9
257 9
86 5
466 1
107 1
432 2
899 1
30 2
91 7
164 6
205 5
230 9
437 9
892 10
95 10
379 6
790 10
388 6
713 5
942 10
968 8
992 6
174 5
182 1
334 9
442 4
627 8
645 9
790 6
154 9
880 4
118 10
147 9
477 1
590 8
831 2
545 1
609 7
740 8
337 1
743 1
802 1
909 9
994 7
114 4
179 9
400 8
653 1
522 7
842 7
728 3
979 9
50 9
300 4
503 6
410 6
412 9
804 4
737 2
906 7
967 1
297 10
317 4
29 10
429 5
188 2
860 2
880 4
267 10
453 10
516 5
596 5
661 6
297 1
521 4
903 1
478 2
835 4
739 2
251 3
780 1
503 1
426 1
792 9
1019 3
155 3
174 9
384 7
84 8
105 9
681 6
336 2
41 9
765 4
1019 6
6 2
236 9
300 2
487 3
631 4
933 9
399 10
594 3
711 6
623 8
435 10
157 3
1009 6
905 6
947 1
269 4
348 8
585 6
89 8
520 1
13 9
287 10
1022 3
443 5
775 10
756 8
971 4
414 1
613 9
626 1
472 8
903 4
935 8
882 8
965 7
115 10
199 4
426 10
593 7
857 4
882 8
283 7
198 4
258 8
905 3
1005 10
25 1
57 6
258 5
481 1
646 5
316 7
651 6
27 5
942 1
802 8
241 10
223 5
32 9
1015 2
247 3
662 5
866 9
985 5
56 5
160 9
227 7
260 6
278 2
430 7
535 8
406 2
88 5
905 2
954 7
165 3
232 2
362 3
380 2
451 10
511 1
531 6
633 3
824 1
456 9
996 2
368 2
786 4
446 1
738 5
858 1
998 7
302 1
359 3
566 4
0 1
163 1
967 8
826 6
788 4
935 1
13 4
419 1
525 2
769 1
197 10
880 6
972 8
813 4
241 3
624 7
749 6
714 10
792 9
481 5
540 4
734 9
635 4
270 1
357 8
51 7
809 7
858 7
420 9
199 7
349 3
511 4
587 7
638 5
890 10
728 10
283 8
729 10
745 2
238 2
286 2
318 10
360 2
521 1
526 9
618 1
654 3
289 9
502 1
599 10
885 4
801 10
946 10
1023 7
49 7
64 6
87 2
638 7
129 2
43 5
117 4
925 10
824 10
181 8
856 8
158 10
315 7
348 10
389 5
670 10
697 6
796 5
113 9
629 3
865 4
406 4
537 5
914 3
394 10
89 2
175 5
278 10
532 2
535 8
648 6
425 1
750 8
753 8
585 10
86 10
160 6
926 1
449 6
754 9
968 5
59 6
76 1
87 4
342 4
389 7
449 10
718 3
964 4
912 8
39 4
349 9
689 5
135 9
162 6
413 4
418 1
450 3
456 6
706 10
5 3
950 10
507 5
146 4
287 8
13 2
562 9
173 6
518 4
466 4
51 4
177 1
268 7
368 5
417 9
484 1
495 7
500 7
576 9
625 4
506 1
361 8
256 1
262 2
740 8
352 9
140 9
131 9
853 9
4 9
90 9
524 9
537 8
37 6
134 9
387 5
851 3
51 4
996 10
207 10
750 3
755 4
956 10
150 3
415 6
118 10
457 5
790 6
83 5
713 3
995 4
136 6
480 10
635 7
919 3
257 2
761 5
543 1
94 7
524 10
807 9
67 6
88 9
129 7
379 5
661 7
225 9
597 4
452 10
656 6
861 2
363 1
634 4
308 1
847 1
905 9
974 8
91 10
172 4
560 5
258 7
726 9
424 10
198 8
634 10
11 8
271 7
652 4
668 4
863 1
895 3
908 5
12 4
184 5
530 1
605 4
236 10
365 5
609 7
514 4
648 8
831 4
870 6
140 9
175 8
346 1
432 3
592 7
864 6
939 5
608 5
590 7
725 9
928 9
36 3
389 8
637 8
652 2
567 3
323 1
571 5
7 1
56 2
178 4
191 2
254 5
319 5
495 1
663 1
530 4
413 5
518 4
938 7
986 2
969 10
406 5
743 10
927 7
28 7
202 9
582 9
592 3
652 6
112 3
503 10
722 9
770 9
861 5
862 4
814 5
893 9
949 2
995 6
232 8
272 10
352 3
354 6
720 9
249 6
993 8
594 7
398 2
493 6
826 1
648 7
790 7
815 6
187 5
272 5
323 8
472 5
474 4
906 5
498 6
143 6
478 8
534 8
259 10
189 8
738 8
865 3
944 9
123 10
492 5
708 10
974 6
692 3
769 1
792 8
48 5
125 9
385 6
708 10
841 5
767 8
291 9
539 5
782 10
12 10
782 4
794 4
445 2
475 4
687 8
372 10
133 7
169 8
850 10
872 6
1013 4
396 5
618 2
874 8
478 8
372 5
161 3
845 7
1022 6
24 5
61 9
181 3
226 1
604 10
775 4
168 6
269 5
905 6
12 4
30 7
200 6
317 6
324 1
499 6
529 5
330 1
409 4
802 7
15 4
320 1
397 7
583 1
583 9
707 9
523 3
481 1
564 2
54 8
960 6
745 5
16 3
88 2
309 2
997 5
230 10
285 2
119 4
275 4
935 3
676 3
888 1
811 7
81 8
302 9
37 9
872 8
227 4
972 3
876 3
912 10
55 3
445 10
747 3
901 9
248 9
588 3
693 2
365 4
527 10
989 2
878 7
704 5
20 1
163 9
944 6
659 5
727 8
321 1
649 9
684 3
6 2
806 2
875 1
914 8
962 1
256 4
277 4
484 3
564 1
677 6
695 2
529 8
988 7
332 2
591 2
1020 7
562 5
298 3
269 7
895 10
819 9
248 2
448 6
515 7
691 8
715 8
567 3
148 3
666 5
820 9
1015 4
86 7
491 3
561 8
676 4
615 5
405 9
466 7
491 6
925 7
209 4
247 7
342 7
493 1
627 5
58 9
877 5
333 2
724 10
1004 3
241 6
125 9
691 1
650 8
830 9
534 5
512 9
756 8
154 4
1016 1
253 8
389 9
408 5
766 1
513 5
913 4
211 5
891 9
894 8
899 9
169 10
174 1
390 2
405 6
531 1
69 5
734 5
708 2
417 9
985 2
415 5
824 5
488 2
596 4
943 1
810 10
841 6
902 7
120 7
361 3
431 5
518 8
554 3
617 3
654 7
397 8
861 1
903 9
837 3
120 10
132 8
253 3
737 3
638 9
406 3
886 3
324 7
220 9
263 3
759 3
127 3
353 8
443 3
582 7
664 4
280 2
149 9
955 6
595 8
418 2
0 3
585 7
961 7
185 6
322 2
403 1
406 1
425 9
465 8
584 3
706 6
312 9
376 3
614 5
163 7
88 6
54 1
128 1
970 9
859 4
823 5
971 8
986 10
78 9
92 9
630 7
672 5
712 8
651 4
524 2
716 3
189 4
572 4
1009 8
26 3
922 4
318 4
620 2
315 1
328 6
230 4
81 7
645 9
753 7
829 2
936 1
38 7
105 4
244 5
576 6
591 5
616 1
640 5
20 4
320 6
264 4
636 6
469 4
782 7
809 1
988 4
147 6
177 3
196 8
320 10
385 1
416 3
573 6
660 10
712 8
596 4
124 9
194 3
447 10
272 4
368 3
214 3
823 3
177 7
751 7
994 5
587 2
291 8
19 10
367 1
17 3
712 9
441 5
266 10
441 3
72 4
253 8
551 7
636 7
248 6
716 4
875 5
885 9
927 10
61 1
136 4
607 2
611 6
654 8
743 8
84 10
818 7
324 2
345 6
664 3
698 8
628 4
76 8
919 1
1013 6
236 9
238 8
267 3
562 1
678 2
227 6
973 10
761 3
127 5
253 2
493 8
663 4
672 3
471 4
206 10
158 5
311 3
626 1
747 3
393 7
829 10
189 7
1023 8
238 2
806 4
843 6
852 8
1017 10
398 5
545 9
547 1
293 9
215 9
326 2
887 1
844 8
902 5
980 3
150 3
270 9
335 7
360 7
718 5
947 6
813 6
763 10
757 3
491 9
808 5
812 8
978 2
25 2
178 3
234 8
521 8
626 10
837 8
652 6
91 6
775 8
957 6
965 5
1019 3
17 3
437 6
761 10
408 3
442 1
418 3
906 2
967 5
15 7
22 8
173 6
537 3
560 3
388 1
86 4
472 3
527 1
681 6
924 10
673 2
103 5
183 9
815 8
876 6
36 2
316 6
386 3
22 10
851 5
145 4
40 9
142 6
911 6
696 4
143 1
812 10
938 2
969 4
408 1
579 6
645 9
744 1
678 5
446 5
9 1
33 1
660 2
400 6
817 3
974 2
7 8
506 4
681 6
729 8
193 2
322 10
316 9
19 4
170 8
378 1
807 7
780 1
72 6
104 4
176 4
377 7
657 10
776 5
579 2
951 3
1010 9
533 10
601 8
538 8
821 6
773 9
986 5
123 1
127 9
291 5
528 1
706 1
728 1
933 6
910 2
327 10
378 1
987 4
92 2
280 5
628 9
841 1
845 6
990 7
84 2
270 4
284 4
725 9
269 8
80 2
33 9
919 8
870 4
958 1
50 1
134 8
321 8
424 1
435 5
565 8
779 8
477 6
1010 8
997 8
1015 1
213 1
541 9
629 5
451 9
314 5
398 8
571 10
970 1
904 8
150 9
166 8
836 4
768 9
35 10
328 3
392 8
984 8
451 7
806 2
952 2
27 8
600 8
659 9
895 6
830 6
55 4
815 7
453 3
794 2
265 10
44 10
672 6
883 7
3 5
90 1
433 5
451 8
698 10
732 4
175 7
762 8
527 8
178 4
76 8
580 5
673 2
102 4
113 8
135 4
470 5
768 5
162 3
348 4
820 3
120 8
191 1
489 7
392 2
908 5
650 1
467 1
840 4
117 9
283 7
309 10
500 4
838 8
163 6
786 2
489 5
41 4
942 6
902 7
19 6
235 2
342 8
604 5
677 3
771 8
486 6
794 9
49 3
789 8
811 6
94 8
149 5
210 1
318 6
322 4
535 3
549 8
590 10
608 5
695 1
767 1
671 4
380 1
678 5
515 4
546 10
982 7
102 10
142 1
150 9
836 1
8 4
600 4
86 4
931 7
953 4
317 7
424 5
650 4
729 10
752 7
600 10
729 4
475 10
361 4
801 2
891 10
854 10
686 6
36 4
87 8
595 7
74 8
75 1
788 9
954 3
90 8
156 4
156 10
227 1
291 5
378 7
543 2
652 1
962 1
959 8
1001 3
890 4
813 8
863 10
6 6
386 4
539 3
999 6
439 6
995 10
990 9
286 5
885 9
398 1
81 8
612 2
227 4
835 9
1014 9
159 4
391 8
676 5
704 4
778 2
369 10
946 10
794 2
77 4
278 1
335 6
1013 5
206 1
598 8
364 9
812 3
2 5
52 4
643 10
875 8
879 8
93 5
406 3
540 5
666 10
128 2
657 2
906 7
1022 2
783 9
326 9
510 5
705 4
58 7
69 9
134 8
262 10
473 4
541 5
687 2
825 10
271 3
474 7
844 6
816 3
779 8
186 10
232 6
379 1
473 4
496 9
689 10
690 6
726 7
513 3
540 8
717 6
261 5
435 2
457 2
297 5
214 2
1009 1
805 1
838 7
900 1
268 7
385 3
474 1
585 4
610 6
641 7
643 7
162 6
112 4
209 8
834 6
987 4
75 5
175 6
424 10
477 5
93 7
541 9
393 8
695 9
706 9
728 8
633 5
842 8
888 2
205 5
452 2
537 8
593 4
832 7
569 6
855 3
803 2
858 9
909 9
6 4
69 7
135 10
288 4
581 10
774 2
779 9
888 7
430 5
729 4
878 6
786 2
803 8
845 4
916 6
154 8
181 1
298 6
568 8
457 3
174 5
866 2
149 3
395 4
711 5
813 5
322 1
333 6
640 1
974 1
308 5
105 9
430 9
146 4
823 7
92 4
237 6
327 7
430 2
53 8
285 1
280 2
201 1
644 5
114 2
937 7
1006 9
442 5
990 5
1001 10
137 1
996 2
24 4
145 8
191 7
300 6
557 6
571 2
590 8
685 5
851 5
658 7
236 4
525 5
103 6
464 8
894 7
80 5
102 3
179 10
328 9
542 7
129 6
72 5
222 1
143 1
50 7
307 1
965 5
57 2
80 3
354 8
654 8
96 5
782 2
709 10
365 4
837 1
80 1
212 5
528 7
620 10
702 8
691 1
933 7
200 10
733 7
94 7
903 4
389 3
876 8
657 7
965 5
125 8
584 9
793 2
456 3
515 10
916 6
551 10
794 8
438 6
432 5
641 2
249 7
817 7
56 2
109 5
171 8
693 4
838 9
970 6
128 4
935 2
326 5
855 5
3 7
50 10
284 9
311 8
354 8
432 10
444 2
598 6
643 8
830 2
503 7
445 5
991 5
500 5
300 6
627 3
790 1
917 2
949 3
996 4
1010 9
94 8
267 10
331 9
497 4
636 7
759 4
139 6
1012 10
913 6
773 2
147 2
985 10
738 2
841 6
909 10
158 5
247 7
429 4
433 6
767 7
83 9
718 9
404 5
979 5
88 3
406 2
435 3
653 1
158 3
872 3
278 6
104 6
761 5
481 3
826 5
865 3
867 10
997 8
77 3
287 1
317 2
325 7
411 9
557 1
707 7
314 8
645 1
752 1
329 2
574 8
137 7
272 5
915 10
105 8
134 1
186 10
497 1
208 6
959 2
745 10
378 3
345 5
40 1
379 2
450 6
674 1
816 2
913 10
44 10
151 6
218 2
318 8
398 8
507 5
638 10
779 6
735 7
510 6
85 9
660 9
668 8
509 1
228 4
858 4
925 7
971 5
64 3
349 5
369 2
426 10
522 10
545 8
678 9
683 6
787 3
492 10
761 8
432 3
1002 7
765 10
588 5
225 1
129 7
267 1
425 5
916 5
944 1
984 9
196 2
206 5
706 4
761 6
796 5
784 8
350 8
274 6
642 10
556 2
995 8
608 1
39 10
420 8
839 10
854 7
904 1
79 8
148 8
214 6
518 3
544 9
28 5
725 5
406 7
935 6
484 5
163 5
270 8
837 3
845 5
911 6
22 1
30 8
154 4
195 9
226 8
262 1
387 7
524 1
613 5
774 7
884 10
726 6
21 7
850 9
338 10
394 6
764 8
376 5
507 6
110 7
927 4
269 6
279 5
485 10
599 3
666 7
789 3
810 2
273 3
578 5
499 9
558 8
152 1
562 9
803 7
226 2
515 5
110 7
766 3
592 4
517 8
53 10
939 8
936 7
888 10
388 4
520 8
756 7
556 5
496 3
491 2
563 2
1003 6
26 1
56 8
256 3
548 7
439 8
128 1
35 2
739 9
358 8
835 3
935 7
65 7
141 8
168 8
222 1
242 2
530 3
776 3
387 7
1006 10
931 4
740 9
458 6
181 6
291 10
357 4
638 7
768 6
906 8
959 9
349 7
340 4
189 7
1020 4
50 6
93 4
317 8
582 9
679 7
284 8
907 7
440 9
1004 7
411 5
835 5
960 1
91 5
104 6
355 3
480 4
535 7
609 2
753 3
586 7
119 8
749 5
36 10
796 7
143 5
330 1
410 2
434 4
456 9
503 7
704 1
710 10
745 5
265 1
1017 6
43 4
19 3
63 10
169 8
175 5
356 6
612 2
789 10
841 8
372 6
640 8
531 9
923 1
254 8
967 7
150 7
240 9
705 6
726 1
400 4
599 6
808 5
206 2
419 9
97 1
489 3
221 7
190 3
977 5
556 1
588 7
239 5
530 9
146 5
280 9
1011 10
1016 7
183 10
395 1
444 10
520 9
582 3
650 9
296 1
934 5
390 10
413 6
31 8
902 10
928 8
58 1
216 9
336 2
434 5
759 10
619 6
865 5
751 2
887 4
409 5
1017 10
65 9
179 10
265 7
354 8
355 9
743 9
774 6
805 2
300 8
318 10
180 6
410 2
362 2
408 7
188 4
937 6
1001 6
99 6
141 4
233 7
287 2
422 6
499 4
516 5
652 2
691 2
721 4
141 1
82 7
886 10
378 3
117 5
107 9
191 1
325 6
361 5
430 3
488 5
793 7
371 4
997 1
512 1
1009 1
431 4
247 2
263 3
433 1
833 9
833 9
920 6
941 5
380 2
480 4
597 6
791 6
900 6
876 10
934 5
942 8
195 10
423 9
594 2
603 2
695 4
822 5
1 2
370 10
35 8
785 9
364 10
350 4
870 2
819 3
366 2
265 8
465 7
534 3
582 7
773 4
781 1
548 8
1015 7
869 7
892 9
944 4
948 1
96 1
337 9
566 8
746 3
762 8
801 1
99 7
127 2
889 1
814 3
109 5
116 3
891 8
103 1
171 6
778 8
804 9
790 7
235 6
106 8
72 6
236 1
359 9
367 9
497 7
683 9
257 7
530 9
939 5
862 2
530 4
200 2
982 3
646 5
813 10
8 8
152 4
221 5
255 5
305 8
777 4
1011 5
131 2
390 9
443 8
578 4
598 5
729 5
825 8
910 8
745 6
769 1
806 6
995 8
75 1
77 2
243 9
455 6
595 4
692 7
520 9
383 1
792 8
959 6
402 8
434 10
493 1
546 2
656 6
169 3
327 10
759 6
607 6
526 9
849 3
847 7
163 5
394 5
789 6
644 8
262 3
854 9
760 8
882 8
661 3
613 1
893 6
973 6
48 8
377 4
557 6
731 7
769 6
472 10
388 10
609 1
794 4
814 5
1012 4
131 6
295 7
639 9
505 7
876 6
850 1
110 6
204 6
997 5
10 7
431 1
525 4
597 4
843 7
719 1
153 2
875 4
876 6
968 10
1018 6
25 3
302 1
400 3
410 3
485 3
190 6
942 10
159 7
517 8
849 7
935 4
963 2
984 8
73 6
171 5
485 3
500 1
501 5
654 5
843 3
262 9
253 9
1018 5
164 8
225 1
848 7
309 9
144 7
992 4
919 2
102 5
184 1
550 4
616 7
730 10
815 9
846 1
970 8
519 7
452 2
922 4
938 9
196 9
245 7
290 3
716 3
765 5
799 5
932 7
22 10
969 1
950 10
971 5
16 6
34 5
140 10
170 4
520 8
613 5
650 2
759 8
859 9
404 4
985 8
1016 8
14 5
504 8
715 9
213 5
257 1
477 6
369 4
949 8
82 7
289 7
683 4
783 10
844 9
572 6
913 2
93 7
27 4
913 8
813 7
195 6
886 3
201 7
793 3
566 5
5 2
347 10
577 2
686 10
224 6
46 5
1008 4
87 2
804 5
948 1
970 5
106 2
208 7
261 5
332 10
407 8
517 6
578 8
598 10
330 5
710 8
908 4
622 4
14 1
895 4
927 1
969 7
230 8
236 4
248 6
342 3
635 3
700 4
410 4
296 5
633 10
997 10
240 10
990 8
49 8
214 9
215 1
575 3
704 1
707 7
793 9
811 4
289 2
891 6
302 10
925 1
114 10
159 6
749 4
852 9
196 4
599 5
108 5
542 8
865 6
874 9
961 7
105 6
155 8
157 10
268 10
412 1
426 4
487 10
587 3
640 6
560 2
289 7
98 2
318 6
945 10
51 6
36 2
382 6
694 2
152 10
871 6
915 6
978 5
73 3
120 5
209 5
719 2
725 5
746 1
424 5
243 2
370 10
926 1
1018 9
504 1
625 10
314 8
134 10
938 6
909 2
1006 9
425 3
606 7
613 9
641 8
725 4
839 2
215 7
285 5
925 10
928 7
257 1
398 1
480 1
597 1
720 1
870 6
784 10
488 8
631 2
965 1
1009 9
3 1
545 8
649 6
722 6
1011 5
927 6
268 7
87 6
147 3
50 8
99 3
515 6
190 9
47 8
482 7
554 4
638 7
711 4
829 5
859 6
727 3
992 1
395 4
808 3
988 8
6 9
295 9
339 6
795 2
929 8
261 7
702 9
90 2
222 2
882 6
358 5
808 10
98 8
60 5
54 5
8 9
31 4
146 6
286 8
301 1
357 9
552 10
647 4
682 9
441 10
113 8
486 6
952 8
923 2
14 2
81 1
99 7
104 1
360 5
364 6
380 1
836 7
263 10
913 5
436 8
935 5
61 6
392 3
605 7
97 6
109 8
928 7
478 9
572 3
835 2
863 6
721 6
490 4
770 4
239 3
878 1
88 7
142 8
159 6
426 1
540 8
351 2
958 1
441 9
860 6
925 10
135 6
32 2
117 7
906 9
2 1
74 10
90 6
175 2
251 2
283 8
551 3
616 1
671 3
736 8
808 3
39 6
156 7
730 6
549 3
44 4
955 1
976 1
51 10
137 10
336 5
356 10
422 10
533 8
616 10
672 6
41 3
883 7
731 8
19 6
859 9
614 4
98 8
15 8
644 1
607 5
929 10
92 4
199 10
270 5
546 7
625 6
787 8
9 10
847 4
738 1
605 2
755 5
339 3
349 2
877 6
899 10
36 4
343 5
529 9
610 5
802 8
846 6
219 5
834 10
847 6
736 3
764 6
19 1
498 9
231 1
938 9
1001 3
87 9
452 1
453 3
579 10
433 4
742 5
237 1
1007 6
379 3
875 6
273 6
295 9
146 3
935 3
960 4
37 5
301 3
328 7
356 10
442 2
474 4
737 7
794 6
870 1
481 8
38 5
553 9
886 6
13 10
266 9
388 1
425 5
494 3
787 8
268 9
8 8
264 4
365 1
427 2
441 8
600 1
684 9
706 6
694 4
487 3
669 4
40 6
519 7
568 3
507 4
113 9
952 8
690 4
133 2
208 7
242 3
384 2
411 8
480 6
525 2
580 7
1015 8
465 7
621 2
890 10
963 7
76 5
117 9
214 8
333 6
700 8
844 8
867 6
699 8
655 9
376 8
462 5
92 7
1021 6
675 8
109 4
212 6
332 5
466 10
935 7
1001 7
963 5
873 7
884 5
917 2
316 5
774 7
75 6
315 9
60 4
90 5
242 9
429 6
491 10
815 10
883 5
625 3
1004 6
491 2
587 6
93 7
184 9
265 4
326 7
474 10
644 3
709 4
785 9
755 9
15 2
150 5
103 6
113 3
296 1
391 10
747 3
831 10
499 8
878 6
854 3
972 7
1013 7
531 10
484 2
638 3
167 8
891 3
214 7
370 7
472 1
538 6
760 1
829 4
181 3
117 6
972 8
105 3
152 10
382 8
735 1
794 7
817 10
792 2
641 1
934 6
191 5
290 8
557 8
837 1
347 8
269 7
53 10
937 8
142 10
386 2
401 1
403 2
708 10
784 4
604 8
473 5
408 1
184 9
881 10
517 9
141 9
39 9
50 3
124 4
331 2
391 8
630 3
744 9
858 6
886 3
837 8
171 1
782 10
62 4
150 9
198 1
456 9
598 9
667 3
689 10
836 9
592 8
393 2
534 10
74 2
86 9
245 3
318 1
725 9
618 10
895 5
391 4
844 6
1 2
287 2
294 5
374 1
799 7
519 9
744 8
33 4
19 5
107 8
454 9
959 2
1022 9
42 10
127 10
172 7
739 10
774 6
893 5
298 2
287 2
609 3
720 3
440 10
856 4
929 6
973 4
1007 5
2 6
57 4
250 5
365 3
366 1
48 8
414 5
901 10
933 7
105 8
213 5
479 7
485 1
542 1
545 7
636 8
460 6
356 3
65 6
965 3
100 1
578 8
400 4
552 6
187 7
265 3
292 1
369 10
425 2
430 4
598 6
676 2
744 9
653 3
93 3
122 5
688 1
127 1
875 10
525 7
960 8
919 2
582 5
619 10
654 1
666 4
834 6
790 1
316 1
248 1
513 6
430 3
78 2
972 9
402 10
377 5
82 1
28 6
71 7
462 7
465 1
668 5
737 9
896 10
178 5
587 3
972 10
142 9
372 8
395 10
407 3
600 4
928 2
962 10
778 7
487 7
129 6
760 5
745 7
828 10
199 9
43 3
239 1
683 4
695 1
699 4
746 9
802 4
598 2
681 9
538 2
430 1
547 4
564 7
772 8
965 2
813 1
376 8
687 2
656 6
410 3
732 6
697 6
703 2
27 10
1021 9
719 9
608 1
700 3
415 3
22 2
195 6
343 8
438 7
537 8
571 5
727 5
788 7
821 8
536 7
358 2
654 3
261 3
693 7
871 9
763 2
6 7
514 7
266 4
433 5
532 1
685 7
822 7
416 8
344 6
615 8
1006 9
49 7
248 8
370 5
590 2
777 5
856 4
720 5
945 9
284 9
409 3
331 2
1006 6
552 7
793 9
861 2
91 8
691 9
806 10
173 6
351 1
470 8
769 2
841 8
677 8
56 7
645 10
935 1
622 1
528 5
944 3
969 1
51 5
411 2
765 6
595 9
170 8
814 6
913 7
191 6
209 8
640 6
713 8
520 3
84 5
275 2
546 10
59 5
67 7
736 10
143 4
250 5
289 4
372 5
613 4
744 4
806 6
854 2
854 8
869 5
243 1
42 4
810 10
911 7
89 2
974 3
53 6
521 2
628 4
57 10
85 3
560 5
634 8
711 3
27 5
738 8
940 3
192 1
39 9
400 9
401 9
469 1
516 1
69 5
473 3
255 1
636 2
809 10
235 5
15 5
860 6
46 7
30 7
227 6
531 8
631 7
803 6
39 10
812 5
794 6
52 6
1021 7
150 6
408 9
499 9
519 5
613 6
639 7
883 2
238 8
335 5
805 2
501 10
58 10
252 4
154 4
295 3
231 8
191 7
489 3
101 6
597 10
89 4
215 6
247 1
384 5
457 9
718 3
770 8
130 1
899 2
227 8
61 3
849 2
756 1
540 2
141 7
216 8
139 5
91 9
833 6
1013 1
291 1
122 10
553 8
150 6
32 6
650 8
933 6
1018 7
10 1
67 7
547 10
244 9
14 10
52 9
84 1
425 8
514 8
934 2
750 4
30 8
850 4
261 3
111 3
241 5
292 2
374 6
426 2
495 2
542 10
825 1
48 1
161 2
868 2
128 1
1017 9
3 7
13 7
205 7
434 3
522 9
569 10
764 10
1001 1
558 3
568 6
445 2
1004 6
84 10
413 1
434 10
435 2
631 7
710 10
871 10
670 8
741 7
92 9
862 10
811 7
858 1
659 7
984 1
1017 6
302 9
308 4
563 8
712 1
861 1
681 8
562 4
72 7
553 10
927 5
586 1
938 6
245 10
323 6
548 8
864 6
926 5
586 8
755 10
602 6
362 1
856 1
724 7
815 4
1003 6
14 10
46 6
293 4
443 6
482 4
902 2
862 7
299 9
869 7
331 2
403 6
828 8
722 9
294 9
957 9
100 6
382 9
576 10
866 8
895 6
1005 5
874 10
993 5
941 9
26 8
235 1
267 10
324 5
403 8
541 4
653 8
664 5
433 2
142 3
123 5
41 9
643 9
642 3
351 10
272 3
427 3
522 10
672 1
781 7
820 4
953 4
259 6
647 4
243 4
633 4
511 10
446 9
959 2
29 2
107 7
851 7
612 5
334 5
89 5
165 4
301 6
146 5
240 6
260 1
503 10
515 7
611 9
680 8
697 9
769 6
802 7
485 9
580 10
377 5
943 5
287 3
920 6
896 7
376 9
944 5
950 8
955 10
45 2
109 6
433 1
828 5
922 2
834 5
460 1
888 6
478 7
167 5
164 4
300 6
564 3
699 8
735 3
804 2
814 6
869 5
883 7
910 1
972 1
280 8
354 4
643 6
877 3
819 7
391 5
565 1
705 1
848 4
980 6
1 2
337 3
399 7
484 1
500 3
817 7
75 5
40 9
751 1
36 10
27 1
100 9
338 4
665 7
798 7
643 1
374 2
889 8
402 5
830 6
499 5
251 2
49 6
1018 2
419 9
724 7
861 6
926 6
850 9
309 5
765 2
95 6
32 7
366 9
876 9
431 2
11 4
86 2
387 1
472 9
722 5
817 8
839 5
289 8
38 7
23 8
150 2
195 8
914 3
157 10
159 10
39 2
1005 6
245 8
1012 6
228 3
385 3
672 1
392 8
524 1
833 5
929 9
103 4
397 9
487 8
502 8
778 6
848 10
557 10
621 6
555 6
654 3
701 1
689 10
834 8
14 10
121 6
526 6
745 1
933 5
157 8
415 4
333 1
965 3
510 10
191 9
968 4
509 4
986 4
79 3
581 5
612 1
738 6
910 3
223 10
933 5
836 4
812 1
353 9
727 9
465 1
320 10
395 2
409 5
496 4
582 8
635 1
657 10
860 10
908 9
291 6
342 3
102 9
257 6
946 10
340 9
367 4
539 8
786 10
945 10
995 1
709 10
1010 2
609 3
330 9
1020 2
1009 2
459 7
105 7
270 3
330 6
470 2
472 7
535 2
761 6
373 2
697 1
318 7
489 2
631 6
1008 4
139 10
184 9
351 10
388 9
426 4
536 2
663 8
836 1
235 9
855 1
500 1
678 7
1005 2
68 7
253 2
262 5
554 4
663 3
262 1
267 7
149 4
972 9
805 3
853 8
293 9
222 5
267 9
725 2
1001 2
535 4
714 10
962 8
378 3
265 9
984 6
851 10
339 3
582 6
933 8
366 4
92 10
103 6
231 9
249 8
296 1
300 1
401 8
407 4
505 6
768 3
636 9
312 6
615 1
250 9
374 6
162 4
218 1
223 2
1019 8
81 1
238 8
314 10
489 2
664 9
868 8
880 8
773 2
609 4
241 1
660 7
1023 2
544 2
546 5
931 4
349 6
311 2
548 10
781 4
422 7
550 10
668 1
604 7
783 3
656 8
703 7
367 8
323 9
172 9
140 3
266 3
293 7
522 8
748 6
298 6
960 3
407 9
234 4
933 10
872 1
987 2
388 7
995 3
33 2
38 2
126 1
550 5
584 10
347 3
158 10
716 10
133 6
200 3
977 3
114 8
180 6
188 10
208 9
334 6
440 3
375 4
762 6
395 7
928 9
287 10
300 6
1020 4
540 3
991 3
141 4
142 5
278 1
344 1
551 9
617 5
871 1
547 7
274 2
24 1
962 6
770 1
360 1
130 1
988 5
26 5
364 5
455 9
784 8
810 2
821 9
931 2
629 5
90 1
616 2
842 6
894 2
985 3
537 2
985 7
155 8
299 7
529 2
596 8
734 6
899 8
955 3
822 1
64 7
877 4
548 3
96 7
473 2
504 10
623 6
748 7
37 1
268 5
859 7
84 10
80 5
81 3
495 4
618 4
628 3
784 1
902 10
950 8
958 6
738 1
38 4
335 4
322 7
10 5
5 7
169 8
245 7
339 7
379 4
380 2
544 4
883 5
848 2
1010 5
375 7
667 5
309 3
224 1
881 7
681 4
7 4
187 6
410 9
506 6
713 4
170 10
659 8
130 3
226 4
244 3
802 5
904 2
943 3
699 7
156 5
863 1
762 5
440 10
897 3
396 3
577 7
800 5
196 5
532 6
623 5
131 5
402 4
305 6
500 10
651 2
705 8
199 5
825 7
763 5
693 1
94 2
49 1
131 4
334 5
596 2
943 4
712 5
689 8
560 6
683 1
847 10
83 9
649 9
984 7
991 8
2 4
307 8
360 4
520 6
724 10
851 1
215 5
318 9
910 1
0 4
220 7
856 7
765 4
666 1
86 10
242 4
330 9
621 3
749 9
772 1
804 6
850 8
548 9
855 5
221 6
143 3
529 3
19 5
157 8
403 7
698 4
811 5
851 5
749 8
662 8
578 8
380 9
75 2
169 7
564 10
639 6
675 6
679 10
706 8
736 3
886 7
900 9
935 1
949 9
887 8
134 5
662 4
680 7
67 3
140 2
1014 2
427 9
901 10
273 4
228 9
338 3
441 1
451 9
546 4
552 5
757 10
895 4
844 6
380 2
495 6
28 8
121 9
402 10
430 5
604 1
728 6
796 1
913 3
766 2
686 5
719 8
1018 10
399 5
320 5
40 4
100 10
548 1
261 1
139 7
24 8
95 3
292 9
304 5
640 8
571 5
237 9
7 7
872 1
348 4
551 4
31 5
23 5
23 2
179 7
376 2
517 8
827 5
994 7
956 3
123 7
287 1
372 10
484 5
860 5
152 3
761 2
36 2
543 3
1018 2
27 10
96 2
191 2
320 4
414 1
483 10
483 6
628 8
687 1
488 6
438 9
473 4
378 10
807 5
175 10
692 9
987 6
435 7
531 6
563 3
328 7
179 3
611 9
760 3
989 4
935 6
88 1
235 8
382 7
672 1
608 8
482 2
341 9
10 5
59 7
372 7
397 1
434 5
490 1
500 8
589 3
839 3
467 1
386 10
780 7
1011 8
1013 9
144 3
377 9
555 4
524 10
676 6
69 6
79 5
196 5
266 8
324 7
500 10
773 8
950 6
229 6
925 1
968 7
812 9
584 2
404 1
848 8
662 2
67 1
119 4
179 1
219 10
389 6
605 6
745 2
806 10
959 3
959 7
602 9
1005 10
472 1
852 8
65 3
665 4
702 5
1 8
50 2
144 1
260 2
283 8
393 2
470 7
600 5
724 2
749 10
768 5
258 5
199 4
359 3
238 7
943 4
991 4
1004 3
52 2
419 9
510 4
590 8
657 10
769 4
955 2
979 6
522 10
392 7
791 4
178 5
292 3
551 4
642 3
739 7
752 4
350 9
865 8
478 2
589 10
482 1
357 3
163 7
958 5
158 2
209 5
319 7
415 7
657 5
737 2
980 4
1004 6
57 4
48 10
373 5
504 8
363 5
656 9
102 3
151 6
262 4
785 9
798 5
857 8
142 5
276 10
299 10
769 7
126 4
175 2
228 8
237 5
282 4
318 7
466 6
572 9
805 5
986 4
957 3
335 10
450 1
997 2
209 8
289 6
968 8
300 3
322 5
429 7
385 3
410 6
849 4
865 1
689 6
563 10
384 9
15 4
138 4
199 10
620 1
645 8
726 8
929 5
550 1
385 9
589 10
70 10
179 5
435 4
552 6
977 7
691 7
252 4
228 5
1 1
538 10
615 9
437 10
490 9
753 5
140 6
208 5
229 2
431 5
505 8
551 1
678 6
718 4
785 10
813 8
946 1
367 6
841 8
725 6
491 5
955 3
187 5
272 2
704 2
716 10
631 8
120 9
798 2
358 2
805 4
153 8
323 9
388 6
431 4
654 5
735 5
832 1
857 10
991 2
436 10
771 8
808 8
507 9
483 8
246 7
587 8
846 5
312 5
407 4
50 8
69 1
282 7
704 7
575 5
551 8
218 7
13 5
309 10
514 9
540 10
785 6
140 4
306 4
1020 4
72 6
374 7
642 2
395 3
593 4
38 8
426 5
448 7
511 6
532 4
621 4
784 3
798 10
883 7
924 1
259 5
51 9
876 3
830 6
949 2
652 4
316 9
525 5
283 3
1003 6
123 8
300 5
487 9
812 7
503 4
638 2
84 8
458 2
479 1
1007 1
32 4
33 3
48 10
451 1
531 3
615 8
645 1
666 1
670 2
818 6
1001 6
437 10
451 5
233 1
99 9
40 1
927 6
201 2
533 8
743 3
822 7
884 6
924 6
989 6
652 6
986 3
165 2
272 10
631 7
929 5
940 6
948 2
985 10
254 10
9 8
630 1
370 6
157 8
618 4
525 1
700 10
418 9
109 4
142 7
212 10
214 4
242 3
456 9
615 6
798 9
820 10
908 6
369 6
236 4
861 9
907 9
26 1
92 9
104 9
476 10
877 6
242 8
1002 1
483 7
257 9
658 8
602 5
517 1
596 2
895 5
235 9
1012 9
220 9
267 5
271 1
561 4
670 6
855 4
593 10
106 3
217 1
947 4
697 6
750 8
790 1
833 1
946 2
390 10
336 2
863 9
337 7
447 4
577 10
768 9
771 8
946 2
963 5
805 9
198 4
113 6
113 10
241 5
605 7
686 1
840 5
864 5
302 9
406 7
242 5
9 8
982 8
493 1
10 7
227 8
827 10
195 6
40 2
343 4
437 9
448 2
806 10
845 4
940 6
1007 9
566 8
99 6
210 4
60 1
163 9
334 7
455 2
496 9
622 2
661 5
787 5
886 7
920 1
982 9
675 5
324 2
756 6
730 4
145 5
123 6
22 4
472 1
972 2
604 6
785 9
110 1
164 10
292 10
356 7
612 1
643 10
702 2
836 7
881 8
560 7
771 1
222 5
740 4
417 5
197 4
609 7
615 5
663 4
743 1
852 8
276 1
532 10
827 7
508 8
208 6
145 2
444 2
452 9
824 6
925 6
923 9
829 10
759 10
489 9
490 8
565 4
188 2
213 10
224 9
849 5
861 9
937 2
847 6
568 9
920 7
654 1
974 10
978 2
5 7
434 9
495 10
696 6
951 8
120 10
64 2
695 3
602 6
536 8
762 3
272 5
171 8
212 4
296 10
643 10
739 7
946 2
957 4
999 4
230 3
94 7
388 10
821 4
443 1
511 7
88 4
271 5
516 7
882 6
905 9
916 7
458 6
619 2
39 10
445 1
169 4
453 5
71 8
432 2
698 3
788 2
345 10
124 5
894 9
496 1
531 6
731 6
123 8
203 7
217 7
759 8
952 2
709 7
402 7
609 3
168 3
511 6
267 7
